-3.495315938051669491e+01
1.182831761948330040e+01
9.972964761948327350e+01
5.253168261948331974e+01
7.727617961948328684e+01
9.052093361948328720e+01
6.229211761948329240e+01
5.262212361948331818e+01
2.101632461948332775e+01
-5.845553805166900929e-01
1.130900861948327929e+01
-9.493683380516699799e+00
7.853796161948332610e+01
1.286725461948327620e+01
9.062861661948329584e+01
5.460960861948331058e+01
-4.753022380516711110e+00
-9.334174380516685687e+00
-6.371856138051668950e+01
-2.447109738051671002e+01
-4.423343038051672238e+01
-7.333646338051664770e+01
-1.110028623805166887e+02
-2.524287738051668839e+01
-7.066695138051670710e+01
1.483111561948328472e+01
-3.044171538051665493e+01
1.300560186194832681e+02
3.658452061948332812e+01
7.768206619483294162e+00
-2.844198638051670969e+01
3.669337161948328685e+01
-3.807255238051669721e+01
-3.554069438051669749e+01
-1.254205338051673380e+01
2.906016619483295926e+00
1.031181576194833269e+02
-7.545615538051669091e+01
5.077399961948333384e+01
-1.050578653805166880e+02
2.403747161948331268e+01
4.561507261948332825e+01
1.478709261948330322e+01
9.850946561948330782e+01
-8.622993238051671483e+01
1.556059061948326416e+01
5.627037361948327998e+01
-3.834756138051670860e+01
-2.732447738051666875e+01
2.659342761948329326e+01
3.443665261948331135e+01
1.202536376194832997e+02
-1.758992638051671520e+01
1.483860461948330567e+01
2.023061961948326370e+01
1.229268256194832816e+02
-1.616381338051667171e+01
7.949969461948330718e+01
3.354829261948327712e+01
-1.466976138051671796e+01
8.164593561948328215e+01
-8.098728380516718062e+00
5.197268361948329130e+01
-1.830951638051669761e+01
-5.957962638051668591e+01
-2.667268438051672774e+01
9.407677619483308717e+00
-3.837595938051669009e+01
3.418962761948330353e+01
-7.027051438051671539e+01
5.768856194832778783e-01
4.626722461948332921e+01
3.668655619483331520e+00
-3.655257538051665733e+01
5.227425061948326857e+01
4.280020061948329158e+01
-3.172583538051668484e+01
8.643076161948334857e+01
-1.236602938051669298e+01
-2.197593838051665216e+01
8.227183661948333793e+01
-2.767670938051674057e+01
8.126939861948329735e+01
6.436430561948333207e+01
1.376172561948328621e+01
-1.261783838051667317e+01
5.239678061948330878e+01
3.904512061948332757e+01
-6.926500338051670269e+01
1.953411961948330600e+01
6.107023961948328861e+01
-8.617255838051670480e+01
9.047148261948331083e+01
1.035549226194832499e+02
-6.440388138051667966e+01
-6.976355838051671299e+01
6.944287161948329867e+01
5.170662961948329439e+01
-2.928962438051672734e+01
5.198138761948331421e+01
-6.796263238051670896e+01
1.207095166194832814e+02
-7.703804138051668815e+01
-4.061794538051668724e+01
1.010428976194832558e+02
-1.712155538051672465e+01
1.492507026194833202e+02
6.524415561948330833e+01
2.458534261948329913e+01
4.697895961948330523e+01
-6.000871038051667483e+01
-5.881661380516732152e+00
7.132167961948329094e+01
2.813478961948328561e+01
-4.453219938051671534e+01
4.857739461948330018e+01
1.444216961948330891e+01
1.183424176194832853e+02
-1.583954873805166983e+02
-1.785516380516696699e+00
-7.001620380516726527e+00
-7.984930380516686910e+00
9.544365461948331131e+01
-3.845175038051667116e+01
-6.619628380516701327e+00
-8.203537380516706889e+00
-3.510290338051669323e+01
-8.715655338051669787e+01
8.952360961948329532e+01
1.779179761948330452e+01
-5.757719743805166672e+02
1.470704661948326475e+01
1.215086161948335075e+01
-2.711953038051672138e+01
3.538310161948334098e+01
7.503815261948329862e+01
7.203293761948327756e+01
-7.635023805166838429e-01
-4.477600138051673184e+01
-7.410904938051669433e+01
-7.077513738051669634e+01
3.707862061948333121e+01
-7.226833838051669545e+01
4.930580661948329180e+01
-3.587506338051667854e+01
5.102492461948332902e+01
-6.652370138051668391e+01
-2.239222638051671765e+01
7.209160961948333579e+01
3.353194661948327848e+01
1.565577619483292438e+00
4.846873961948330134e+01
2.818670061948330385e+01
2.630367961948331867e+01
-4.375129538051669442e+01
-2.770586338051668918e+01
-5.275969638051668653e+01
6.950443461948333379e+01
-5.296053438051671947e+01
-6.338911838051672021e+01
-1.687966380516684239e+00
2.028270861948328729e+01
5.081338361948331794e+01
2.283529661948330158e+01
9.509529361948324322e+01
1.004704861948329153e+01
9.051601619483335526e+00
-4.525665138051670056e+01
5.445044061948328817e+01
-3.290944938051671897e+01
1.410803661948330046e+01
-2.568253805166591519e-01
8.330830561948334889e+01
1.998599861948326861e+01
1.894747161948328085e+01
9.072304661948328430e+01
1.193546861948328797e+01
3.939196194833129994e-01
4.795278761948333113e+01
6.931292619483258477e+00
-3.306941838051670857e+01
-8.117613338051668848e+01
1.951969561948328646e+01
2.154220661948329507e+01
4.934565961948334234e+01
-6.027464838051668039e+01
2.861369161948329065e+01
-2.161137538051667661e+01
5.527647461948333785e+01
-1.004612523805166973e+02
-5.601603733805167167e+02
2.058211561948326107e+01
6.390369619483294628e+00
2.248335561948334771e+01
-1.121575853805167071e+02
-1.766194338051667501e+01
8.469487561948329812e+01
-2.441450238051669430e+01
-5.182821538051666721e+01
-5.438494738051667809e+01
-8.948256838051671025e+01
-5.557449238051668772e+01
5.597959961948333785e+01
-5.375238733805167612e+02
1.153528876194832833e+02
-2.781749238051668272e+01
4.837332161948330622e+01
-2.151827380516692756e+00
-9.008499338051669270e+01
5.230190661948330444e+01
9.549078661948334457e+01
-3.414141738051665698e+01
6.760191361948329813e+01
-2.350423238051672570e+01
3.507543561948330080e+01
-1.603341738051665288e+01
4.765978161948328307e+01
-5.465457938051667952e+01
1.046316266194832565e+02
-5.723836380516729605e+00
-4.984568238051673461e+01
-4.613211338051667099e+01
5.441204661948330568e+01
-1.609896738051668308e+01
5.403123561948331144e+01
1.297070246194833203e+02
-5.859461233805167240e+02
-3.493610438051666733e+01
3.515779961948334176e+01
4.525125961948333497e+01
7.574657561948328066e+01
3.995161461948327997e+01
9.697869061948330227e+01
1.542632061948330602e+01
-6.086047173805166040e+02
-2.220293038051670464e+01
3.404907561948328976e+01
-4.998827638051670874e+01
5.209155461948330412e+01
1.161777661948332252e+01
-1.062682638051671802e+01
-9.727866380516672962e+00
-9.821373438051671201e+01
2.390718561948330034e+01
5.558747619483312974e+00
-4.387912238051671920e+01
7.904351661948328456e+01
-5.704045343805166794e+02
8.011073161948331744e+01
4.488930061948326511e+01
-2.389915738051672633e+01
-1.119743863805167052e+02
3.424205461948326956e+01
1.673001586194832839e+02
1.833305561948333207e+01
2.470699761948333162e+01
-6.848088438051672711e+01
4.301996661948328438e+01
9.655890061948326775e+01
-4.095786338051669873e+01
-4.637351380516690824e+00
-3.005281638051667414e+01
2.224619483342848980e-03
-1.048924993805167105e+02
1.367634861948329217e+01
-3.623253238051671588e+01
-1.670400438051666470e+01
-6.832920438051667134e+01
-2.461588838051665107e+01
7.523545961948332206e+01
-1.013419693805166730e+02
4.596768061948330342e+01
2.229615461948327493e+01
1.333657361948331754e+01
-7.075606438051670466e+01
-3.225320038051665961e+01
5.971133261948330073e+01
-3.150806838051670411e+01
1.809349161948330220e+01
-5.243183838051669454e+01
1.443554761948331588e+01
7.107779661948330840e+01
-4.906361138051670423e+01
-3.449446738051665307e+01
4.655155761948333293e+01
2.277384461948327044e+01
-1.298514538051671252e+01
-7.199728138051671067e+01
9.036243961948326842e+01
-3.192770038051668280e+01
4.335537861948330374e+01
-1.752235738051672342e+01
-8.184534738051669933e+01
2.863550661948329434e+01
6.822936961948329326e+01
2.683463061948333461e+01
3.645354861948328562e+01
-5.755356938051670568e+01
-3.035318438051672274e+01
1.304430761948333384e+01
-1.504368738051670107e+01
-5.893375323805166772e+02
-7.624650838051667279e+01
6.568411161948330346e+01
5.775999561948333394e+01
-5.559759143805166559e+02
-1.339152138051667862e+01
1.206321856194833231e+02
4.497925361948330192e+01
3.590661561948326153e+01
-5.017083138051668811e+01
-9.258359838051669044e+01
-3.670242638051672657e+01
7.541142161948329203e+01
1.133761136194833057e+02
-1.750689438051665547e+01
1.534056916194833207e+02
3.109271561948327189e+01
-2.353390438051667388e+01
-2.063824838051669985e+01
1.551470361948332766e+01
-2.754025538051672584e+01
4.030508061948330578e+01
-8.641729738051671461e+01
-3.394614038051668103e+01
-1.864960738051672706e+01
-7.214312038051667741e+01
-4.821786838051667701e+01
1.406261948329756706e-02
-2.822419138051668597e+01
-2.352691380516716890e+00
6.487178161948327215e+01
-1.893164938051671697e+01
7.732161161948334893e+01
6.819418361948328311e+01
2.193202861948333293e+01
8.104168619483289149e+00
-6.354637938051666879e+01
3.474849619483336483e+00
-7.371243805167182472e-01
1.107874061948325561e+01
-1.019056653805166661e+02
-6.242400038051670208e+01
1.691588246194833118e+02
-1.379280638051670849e+01
6.258987261948328751e+01
1.818642661948331352e+01
-4.599859838051668248e+01
1.207441716194832679e+02
8.014064461948328244e+01
-2.099152380516670746e+00
9.211671619483297491e+00
2.255043061948333616e+01
7.106556194833046902e-01
1.492519061948325998e+01
2.729328619483339935e+00
1.223691861948333326e+01
-4.774929138051669497e+01
8.344079461948331300e+01
-2.122397938051670963e+01
-2.536887038051668242e+01
9.173941561948333856e+01
2.626278361948328666e+01
5.084728619483314560e+00
2.422537461948331838e+01
-6.628431538051665939e+01
-1.283853438051670537e+01
-7.021443038051671692e+01
9.875501661948328547e+01
1.503999856194833455e+02
3.643698861948325884e+01
-3.906261838051671020e+01
-4.939237638051673684e+01
-2.772026438051670993e+01
3.410730161948333716e+01
-5.902383638051674097e+01
-5.526120238051669276e+01
-6.112449380516693509e+00
5.852605061948327148e+01
-3.635162138051668990e+01
-9.726409038051667721e+01
-2.143805938051673365e+01
-1.804271338051665907e+01
7.468523061948332042e+01
9.772184961948329374e+01
9.190143661948332010e+01
-5.765220538051670474e+01
-7.675304638051670736e+01
4.779580061948331604e+01
-2.047318338051667297e+01
3.486251461948330643e+01
6.806336561948330655e+01
1.331823816194833512e+02
-1.492257038051673135e+01
8.549704261948329531e+01
7.696327619483270155e+00
-4.203001938051670550e+01
4.298002361948329053e+01
-9.741484738051670433e+01
3.773012761948331217e+01
6.579841761948330259e+01
1.033882316194833493e+02
-7.813009538051670688e+01
-8.003827538051669421e+01
-2.925944380516682486e+00
2.463679261948328758e+01
-7.350188438051674211e+01
-5.925608073805167351e+02
-1.296712338051668212e+01
5.734824061948330609e+01
4.490397261948334062e+01
-5.123939493805166876e+02
2.074310961948333443e+01
-6.912630380516702644e+00
-2.566389838051668448e+01
-1.016283693805166877e+02
7.506973261948331810e+01
3.582873061948333770e+01
6.783460861948327647e+01
-6.184587438051670460e+01
1.536239861948331509e+01
7.393655361948333393e+01
-5.806644238051666207e+01
1.933820361948329491e+01
-2.496451738051666780e+01
3.580017761948329280e+01
2.561722261948330015e+01
6.924014461948326016e+01
-4.953206483805166727e+02
-7.069997380516724661e+00
-4.482477338051666038e+01
3.935785161948331279e+01
-4.094896138051672096e+01
8.453081619483270970e+00
5.204584461948326179e+01
2.581120761948329800e+01
8.149010061948331440e+01
2.805021061948332317e+01
-8.661882438051671329e+01
2.873359619483323968e+00
-4.416885938051672156e+01
-3.712894738051670629e+01
-4.407433805167215723e-01
2.476122861948334730e+01
-4.724607238051669356e+01
-2.650213638051673115e+01
2.137216061948328161e+01
-6.306726938051667730e+01
2.334308961948329397e+01
7.737705961948330469e+01
4.030057961948330103e+01
8.817706194832908295e-01
-1.528442338051667093e+01
4.314879361948328551e+01
5.308197619483337348e+00
7.857444619483260340e+00
-1.948242838051669423e+01
-2.727246838051672739e+01
-5.386847238051672093e+01
9.522787661948325422e+01
-3.473759238051667353e+01
6.570992661948332625e+01
6.967013961948327960e+01
-3.609154438051666602e+01
6.394117461948331993e+01
-7.351347438051669769e+01
-1.165638693805166781e+02
-1.095507838051673843e+01
-8.927249638051668512e+01
6.022010861948331240e+01
-2.779602838051670233e+01
1.230113461948332088e+01
1.959668361948331494e+01
2.898689161948328774e+01
-5.199538638051672024e+01
4.286143461948330469e+01
-6.338257338051670331e+01
8.471233161948327961e+01
-3.533660838051667952e+01
8.131332761948328880e+01
1.208040976194832865e+02
-7.898632738051668412e+01
-6.371949838051665438e+01
5.667564061948326071e+01
-1.389625938051671028e+01
-3.929474380516694509e+00
9.450088619483267394e+00
-4.297410938051672247e+01
1.983714061948330709e+01
8.261119561948333967e+01
1.331150261948329216e+01
-8.839981138051672360e+01
3.564917761948328234e+01
6.020419561948330056e+01
-1.780520538051672474e+01
3.112065961948331960e+01
3.415945619483295559e+00
3.166139761948329578e+01
-5.740168738051670516e+01
-3.898493380516697471e+00
1.067844626194832927e+02
6.608485861948332740e+01
4.570353619483341845e+00
8.852283461948326249e+01
3.860595361948332993e+01
2.471087561948331768e+01
-4.929620738051670514e+01
4.330405619483315149e+00
-1.829677738051668712e+01
7.726343619483316161e+00
-3.090241338051669118e+01
9.031005561948325067e+01
-1.268872438051670315e+01
-1.061553805167250175e-01
-9.222934380516733199e+00
9.062022619483286690e+00
4.359583161948330599e+01
1.564331461948330571e+01
6.814325861948327656e+01
-3.705281380516680656e+00
5.123808861948327831e+01
4.874208361948331003e+01
-7.134390938051672038e+01
2.800515361948333748e+01
-7.849452938051669548e+01
3.439120661948328461e+01
5.754284861948326579e+01
-1.763399338051669929e+01
6.773678561948332799e+01
-1.417851238051667906e+01
2.768029061948328717e+01
5.999045661948332508e+01
-1.451582338051667875e+01
-5.689969138051668551e+01
4.181502361948327007e+01
1.041143496194833347e+02
6.471964161948329775e+01
-9.241823805166973216e-01
-8.634748538051670153e+01
-5.819413438051674348e+01
2.167618761948330075e+01
3.463403619483301554e+00
1.415331596194832855e+02
4.995632061948333558e+01
-2.979284238051667444e+01
-1.273572438051672862e+01
3.646885861948328511e+01
3.705988361948328702e+01
1.367249061948325561e+01
-3.639088138051670285e+01
5.243321061948330453e+01
1.180537876194833302e+02
1.573784461948326907e+01
3.219120961948334525e+01
2.024733261948330210e+01
9.063316194832964356e-01
1.763758861948326739e+01
1.239898286194833190e+02
-2.501421238051671025e+01
8.098769619483277893e+00
1.143831076194833258e+02
-7.451701338051668699e+01
-4.334677638051670101e+01
1.161942461948331129e+01
2.129863761948331558e+01
2.796619461948330354e+01
-8.510644538051670338e+01
5.389732961948328693e+01
-5.127879938051671616e+01
1.073801861948328451e+01
-3.098265238051669712e+01
1.597274436194832674e+02
3.666343861948325866e+01
-1.287549438051667039e+01
3.614582661948332998e+01
4.381643561948328625e+01
-5.959808380516676607e+00
1.567282961948330922e+01
3.221361861948332717e+01
-1.028071838051670284e+01
3.148579261948327712e+01
1.080286861948331989e+01
-1.053881953805166916e+02
-5.061713738051668088e+01
4.797874561948333394e+01
2.651276161948334220e+01
1.276480261948330508e+01
3.561197261948331061e+01
-3.282088338051670462e+01
-2.532489938051668332e+01
1.141674356194833422e+02
-6.749439738051671611e+01
-3.676604038051669932e+01
2.254600661948330753e+01
4.918321361948329695e+01
-5.794411238051668533e+01
1.006426194832670262e-01
-1.067612433805167029e+02
-1.976006538051666439e+01
-7.184717238051672439e+01
-4.885291538051666294e+01
-1.254812683805166955e+02
2.527966261948330384e+01
3.895288161948332117e+01
7.853721561948327690e+01
8.083773861948327522e+01
-7.805004538051667851e+01
-1.918017238051669437e+01
-5.525908338051669944e+01
-6.206728138051670385e+01
-2.236293438051671956e+01
-5.063626838051669665e+01
-9.677875338051671861e+01
-8.375262938051668016e+01
-5.757565938051669718e+01
-6.557316938051667421e+01
-8.315243638051671837e+01
-1.484874638051667262e+01
-2.381653805166479287e-01
4.400600361948329464e+01
-1.467453313805166886e+02
3.040147961948332522e+01
-4.262375538051668400e+01
3.321254619483283932e+00
4.294056194833046902e-01
7.783389561948331448e+01
1.609710761948332447e+01
1.388589461948328108e+01
1.024577046194833088e+02
-5.341701038051667183e+01
-3.246347380516681369e+00
2.996104261948329395e+01
2.252495961948329750e+01
1.315989619483332262e+00
-8.533019380516691399e+00
-6.749264380516706296e+00
1.099415406194833054e+02
2.162364061948329663e+01
6.847502261948329760e+01
5.643286361948327112e+01
-1.537062038051669788e+01
3.942235661948330971e+01
-1.301109738051673048e+01
9.124638261948331319e+01
-1.982250038051665797e+01
-7.386933380516666148e+00
-3.809419638051667789e+01
4.947632361948330981e+01
1.639906261948328847e+01
-6.251309380516715919e+00
4.487872861948329728e+01
-1.683927138051666361e+01
1.488711956194833306e+02
1.631303761948328201e+01
6.387333361948327592e+01
-4.876469438051668703e+01
-5.233567438051670706e+01
-4.959275238051668566e+01
-5.235688638051669841e+01
4.094158761948330039e+01
1.118500666194833002e+02
-1.626013038051672766e+01
1.612328619483321290e+00
4.327339461948326971e+01
2.678875161948332106e+01
-5.065667038051668669e+01
6.195196619483283484e+00
-9.654507138051667425e+01
-9.518253380516682682e+00
1.158465556194832971e+02
-4.282247738051665920e+01
-4.290472538051670881e+01
-6.468577938051669207e+01
7.729299261948330013e+01
1.829401261948328283e+01
-8.051421638051670016e+01
6.420057661948334271e+01
5.718763619483297589e+00
-5.724190138051670829e+01
1.967556661948333385e+01
5.652729761948330633e+01
-7.949812938051670130e+01
-1.634591638051671225e+01
-1.080223538051671994e+01
-5.985961163805167189e+02
-8.881986380516707413e+00
-7.956524838051669235e+01
-1.460669838051666147e+01
-8.073553738051668915e+01
4.724290161948329114e+01
-2.166152938051669707e+01
-4.582687438051669915e+01
4.355710461948331158e+01
-5.057638973805167097e+02
-2.066256438051669875e+01
4.910313961948332917e+01
1.789486661948330948e+01
-3.350843338051669207e+01
4.903305961948331060e+01
5.773800161948332743e+01
6.058106761948329222e+01
8.913301961948332064e+01
-1.880024438051668767e+01
7.211819661948328530e+01
8.982225361948331965e+01
4.618025619483319133e+00
9.978146194832788751e-01
8.456102261948331034e+01
1.845548861948327612e+01
4.475520161948332998e+01
-5.053668380516683101e+00
-2.541952938051667843e+01
-5.197523138051667502e+01
-5.791129838051665502e+01
2.827534161948329938e+01
1.837626061948327560e+01
5.891225061948330222e+01
-5.681849938051669824e+01
-3.194938438051673302e+01
-4.697772738051668284e+01
-2.529339238051665006e+01
-5.748249938051668551e+01
7.100915061948330731e+01
-5.379693805166994025e-01
9.007114619483331808e+00
3.318763061948334325e+01
1.051184316194833173e+02
-3.050674380516682049e+00
3.662669861948330663e+01
9.854780961948330287e+01
1.113722826194833146e+02
8.767307161948326666e+01
1.031995161948333362e+01
8.889060561948326722e+01
9.296699619483320021e+00
-5.000354038051665384e+01
-2.456218438051672592e+01
2.526875461948327484e+01
1.759966961948327935e+01
4.912285661948328652e+01
3.833749619483342030e+00
-1.330029938051671934e+01
-1.124412243805167009e+02
7.614067461948332038e+01
8.008266619483322302e+00
4.484531961948329126e+01
3.067618761948330075e+01
1.302500566194833596e+02
-3.894518838051669718e+01
4.704110861948328193e+01
-4.717972380516698649e+00
-1.141433738051671298e+01
-1.838875380516697078e+00
-2.316394338051668456e+01
4.576095461948330012e+01
9.920210619483327719e+00
2.206503561948329661e+01
-4.632306638051670689e+01
8.694620061948330658e+01
1.106821786194832953e+02
-1.390816938051665375e+01
-7.393675380516697260e+00
-9.571387038051670970e+01
6.898352761948331135e+01
4.235021161948333202e+01
-3.163082938051667270e+01
5.132519261948328904e+01
8.458438761948332285e+01
-2.532835238051666238e+01
7.631685161948331597e+01
1.553825061948327857e+01
-1.307260143805166877e+02
1.974860619483308710e+00
5.129009161948329165e+01
-1.619018338051671435e+01
3.262640661948330489e+01
4.481698161948327197e+01
4.524783461948334207e+01
-7.980794338051669001e+01
6.009296619483279756e+00
8.191048261948333220e+01
-9.011200380516697805e+00
-7.995263838051667449e+01
-4.264936838051670520e+01
6.978504561948329865e+01
2.042724761948329615e+01
6.722378961948328424e+01
-1.663052838051669369e+01
3.585746061948327679e+01
1.142014896194832545e+02
1.007544746194832896e+02
-1.697570438051667452e+01
-2.203170738051670696e+01
8.429510261948331618e+01
-9.296409538051671007e+01
-7.215186538051665366e+01
9.297118619483285329e+00
2.451966261948331294e+01
-5.712139038051668649e+01
-3.117449338051670793e+01
-7.979975138051671024e+01
1.597925361948330192e+01
8.581163261948330501e+01
5.251961161948332801e+01
-8.452771338051667271e+01
2.897610361948329682e+01
2.849076461948328642e+01
-6.198484838051666657e+01
7.867628861948327312e+01
5.540709661948329767e+01
9.342021661948331257e+01
-4.215363338051668052e+01
-4.040521738051666034e+01
7.645686561948326698e+01
1.710691896194832680e+02
9.160067561948329740e+01
4.590234161948330893e+01
-7.127979380516705987e+00
4.624237061948332439e+01
-2.093776438051668265e+01
7.657473961948329588e+01
1.218247816194833604e+02
-1.209189903805166750e+02
2.151995761948330710e+01
-2.528895538051671110e+01
1.594485361948329682e+01
2.314559161948329802e+01
-2.338229838051665865e+01
-5.119156738051668754e+01
-2.863673038051672393e+01
-3.277195338051672024e+01
-1.490457238051669719e+01
-2.980560038051669380e+01
-3.699480538051670919e+01
-1.729367380516691810e+00
3.447436961948329781e+01
-4.244679138051668588e+01
-1.344136538051668595e+01
-7.859460380516679834e+00
1.683701961948327153e+01
9.246385061948330986e+01
1.141395266194832629e+02
3.402989861948327643e+01
2.296471061948329861e+01
-1.192907573805167090e+02
-2.506346138051674188e+01
1.468829706194833307e+02
6.166479461948330254e+01
8.929450861948328111e+01
1.583222061948333703e+01
4.404873961948328542e+01
2.402269361948333426e+01
-1.429335238051669421e+01
-1.060618538051670612e+01
-1.325753038051669819e+01
-1.118668438051673775e+01
-2.881005438051670353e+01
-4.725257238051671038e+01
4.005440261948331226e+01
-4.993667338051670868e+01
-5.637602538051669399e+01
-4.796312380516667417e+00
-5.209767138051665825e+01
-4.520429438051667148e+01
6.055829061948327308e+01
-4.334166138051671169e+01
-9.123585038051669471e+01
-7.694665038051670081e+01
-5.180971238051671435e+01
1.240853661948330000e+01
3.612913261948330046e+01
-5.338388338051669280e+01
3.422291161948334093e+01
1.043578216194832748e+02
8.518635261948332982e+01
4.531059661948330586e+01
8.066190761948331556e+01
4.361684161948329574e+01
-8.145601380516723111e+00
1.770020961948330296e+01
4.572812619483329399e+00
5.664045961948335162e+01
4.041882161948331031e+01
-9.981060438051667916e+01
9.122426261948328374e+01
-6.532164238051666416e+01
-2.561774038051669322e+01
7.254754861948327971e+01
-7.930466938051668535e+01
1.475657836194832839e+02
-1.290259203805167090e+02
3.224272061948329338e+01
1.826393161948328725e+01
1.969441861948331507e+01
-8.067852380516683297e+00
-2.446241538051668840e+01
3.429532261948332916e+01
2.580062461948330110e+01
-3.669000838051670144e+01
-6.255816380516705522e+00
-5.769154038051669886e+01
-5.349052838051670733e+01
3.508924361948328396e+01
7.395876194833022055e-01
-1.080584380516711462e+00
2.120815061948331959e+01
-5.681479363805167395e+02
-1.915075938051671756e+01
8.013744961948333412e+01
3.940093561948327761e+01
4.752630561948330978e+01
-4.064633738051668388e+01
3.861800361948331783e+01
3.388456861948333199e+01
5.762648261948334039e+01
-3.762833380516667603e+00
4.939643461948332970e+01
3.808779261948330941e+01
3.434209861948329490e+01
-5.803212738051666975e+01
9.204999619483317019e+00
-3.648869538051673089e+01
1.209346246194833157e+02
-5.643995338051672661e+01
-1.737696238051671571e+01
7.317001461948331098e+01
-7.322123805166711463e-01
2.011941161948334411e+01
3.550143961948327842e+01
3.094797461948331829e+01
9.765705261948335192e+01
-7.337337038051668969e+01
-3.276722738051665829e+01
4.220383561948329998e+01
-5.281090038051667079e+01
-2.103851038051669775e+01
9.996204861948331200e+01
4.827231261948332985e+01
-7.275215438051668571e+01
-1.551349438051670404e+01
-4.523542038051670033e+01
-3.735310038051670745e+01
-5.732092538051671227e+01
-4.117626380516696827e+00
1.139099161948331584e+01
8.301451961948328062e+01
4.279917619483285307e+00
-3.457966138051671123e+01
1.296169361948329879e+01
4.721871961948329499e+01
-9.579507138051667425e+01
-1.494381238051670380e+01
4.761391461948329606e+01
-1.746463438051671346e+01
4.866978261948332829e+01
4.406986161948333347e+01
3.085284361948333753e+01
-3.666320738051672379e+01
-1.861300380516695441e+00
9.099701261948331421e+01
-5.591993413805166711e+02
-1.213935053805167001e+02
5.692087961948328712e+01
-9.939547538051667175e+01
2.555170061948331295e+01
3.243346561948328599e+01
2.643747261948328742e+01
5.217229561948329319e+01
-4.757976538051667603e+01
3.808206261948328120e+01
-7.967835538051670596e+01
5.290248061948329905e+01
-5.995965538051672183e+01
4.766742761948330553e+01
-2.697349638051667853e+01
3.665850161948333152e+01
-3.340411038051666992e+01
2.069614661948327239e+01
-1.448420638051669584e+01
-3.642217538051670545e+01
5.139965161948333616e+01
-1.345212713805167084e+02
6.514830861948331631e+01
-2.216421738051667489e+01
3.847216261948329930e+01
-2.740999938051669460e+01
-4.751836838051667655e+01
1.435669976194832884e+02
-4.636480038051666952e+01
6.849409961948333603e+01
-1.330234333805166784e+02
-3.997649038051667958e+01
-4.477780238051667538e+01
-1.527115738051674043e+01
-8.028106380516703666e+00
7.358237761948328171e+01
-8.956549538051669401e+01
1.259596561948330873e+01
-2.715926038051668456e+01
-5.857540438051671572e+01
3.286228761948331112e+01
1.649163761948329920e+01
8.224261961948326416e+01
-5.857891638051671634e+01
6.730971361948326148e+01
7.022221619483275390e+00
4.096572619483310973e+00
-6.021992638051671065e+01
1.833615561948329287e+01
2.173961161948329845e+01
-1.081274738051672557e+01
-4.865339238051666371e+01
-5.696048653805166850e+02
1.094638961948328415e+01
3.841722061948331657e+01
-2.849982638051670847e+01
-6.690967038051672944e+01
-1.596844838051669058e+01
-8.201613738051668179e+01
6.148663061948332142e+01
5.926142861948329710e+01
-3.069358638051670596e+01
5.156528261948329828e+01
4.921039861948327143e+01
-5.333979473805167117e+02
-2.120400338051672406e+01
-3.243855138051668519e+01
7.624755261948331508e+01
-2.480557538051670008e+01
-4.102081380516665376e+00
7.731180619483325245e+00
-1.206744380516681758e+00
1.839498461948335262e+01
6.073850961948335225e+01
-5.864648238051671569e+01
-1.414765438051671254e+01
-5.114359038051668449e+01
5.269417861948329573e+01
-4.283662238051670101e+01
-4.281085638051666820e+01
-3.403625380516700716e+00
9.407917861948334348e+01
-6.306952038051667842e+01
-1.971295638051668675e+01
9.867790761948333511e+01
1.408908746194833270e+02
-7.469611338051669236e+01
2.244401361948325757e+01
4.378328161948331854e+01
2.545416661948331694e+01
7.325650861948332704e+01
-3.624177238051669292e+01
-6.357078380516725247e+00
4.158435761948334175e+01
4.215827661948333116e+01
-6.840359038051667540e+01
-4.092093038051672238e+01
-1.773299338051668883e+01
5.799414619483286515e+00
-8.780322338051666975e+01
-3.691021238051666842e+01
-9.856402738051667711e+01
6.335236461948329634e+01
-5.734901838051672485e+01
-4.228681380516661648e+00
3.362666361948328131e+01
2.143188461948329859e+01
3.951427361948327643e+01
-3.748794538051669178e+01
-2.709508380516695070e+00
-4.112942838051668559e+01
3.740394361948330015e+01
1.425002156194833560e+02
2.458612261948331934e+01
3.108334861948327443e+01
-4.346121638051670288e+01
1.394740366194833427e+02
-9.486584380516717374e+00
8.997472961948329839e+01
-1.930372643805166888e+02
-7.747289038051667376e+01
3.549864061948329663e+01
-1.714925838051669871e+01
8.305547561948327484e+01
-3.134857380516734793e+00
-7.720918738051670971e+01
4.585106461948328160e+01
-3.999708938051668383e+01
7.025211619483343384e+00
-1.492051238051669770e+01
-3.148756538051668485e+01
5.972358261948329528e+01
7.802887161948331141e+01
-2.892336380516724148e+00
-1.344197638051673493e+01
2.518233761948329175e+01
8.370227161948326966e+01
2.060009619483309962e+00
5.443465761948334602e+01
1.415402461948332302e+01
5.037265861948327483e+01
7.617817661948333807e+01
8.801505661948334591e+01
-3.461948338051666951e+01
4.226512561948328539e+01
8.561551561948334665e+01
9.200843161948336046e+01
-8.347159638051667230e+01
7.755458661948330246e+01
5.323713861948328940e+01
3.662114961948333303e+01
-1.499280238051670722e+01
1.600966461948331698e+01
-1.043696238051671799e+01
7.994309161948331166e+01
-5.746970380516700061e+00
4.905886361948330432e+01
4.552287061948328528e+01
-2.163059380516699548e+00
2.116080861948330494e+01
4.540971761948327412e+01
6.020339961948332075e+01
4.126924161948329584e+01
4.208607761948331927e+01
6.811011761948327603e+01
-6.618684738051672412e+01
-5.159545938051672920e+01
-2.431447538051668289e+01
5.070153461948331142e+01
1.063684626194832958e+02
5.445821361948327421e+01
-1.686671038051667892e+01
-5.365823380516701491e+00
-1.054330338051670424e+01
-1.963529338051671402e+01
4.276607561948327429e+01
7.003308461948330432e+01
1.744231619483286977e+00
8.009560161948331825e+01
5.349055061948331513e+01
-3.270537038051668333e+01
-7.861730138051672157e+01
-3.464689838051668858e+01
1.641268961948333072e+01
6.440492361948327016e+01
8.776012561948328994e+01
-1.837688238051669032e+01
-5.773259638051666798e+01
6.870752361948331099e+01
6.888304861948330426e+01
8.331318961948329616e+01
4.227777961948328311e+01
-7.463472038051668278e+01
-8.329898380516681300e+00
2.517279661948327885e+01
2.880368361948330858e+01
3.613976161948335175e+01
-3.467135038051668516e+01
7.653167619483269846e+00
-4.066183380516690704e+00
-4.648255638051671212e+01
6.296945561948331260e+01
2.512546661948329074e+01
5.511981261948329802e+01
3.582142619483306589e+00
-1.171893038051672420e+01
2.097567619483299950e+00
3.707284661948330040e+01
3.709965961948330460e+01
-7.942247380516732846e+00
-2.257881238051669470e+01
3.044454961948332539e+01
-6.039696338051669500e+01
-4.216805538051670510e+01
5.315113761948327920e+01
3.973025961948331997e+01
1.204431761948330859e+01
1.141452461948330210e+01
-5.252039238051668235e+01
7.778927661948330297e+01
-2.499738638051672979e+01
-1.317507938051670635e+01
3.964171461948330943e+01
7.850668061948334753e+01
2.012402961948328084e+01
-2.673379380516678339e+00
1.596980606194833285e+02
-4.312383338051671444e+01
-2.567726838051669347e+01
2.868136461948330407e+01
2.287045361948332811e+01
-1.779886038051671449e+01
-4.751802538051668989e+01
-1.275800038051670526e+01
-4.801220438051666406e+01
-1.380117638051672202e+01
-3.743614038051669013e+01
4.192283661948334839e+01
-6.161243138051668211e+01
6.285671261948328947e+01
-2.905468638051672770e+01
