-3.130158423682016178e+01
-1.749825523682017092e+01
-2.728601223682019850e+01
9.610557631798144484e-01
-5.661433823682017419e+01
-6.717724723682016474e+01
1.330914176317980946e+01
-1.484321323682016214e+01
-3.869370423682019577e+01
8.204354576317982151e+01
1.418681763179790778e+00
3.405239076317982949e+01
-2.059740523682015123e+01
5.643230727631798800e+02
-2.416503423682016205e+01
-1.403292423682015055e+01
2.509390776317982841e+01
8.003990763179842816e+00
-2.881743236820199172e+00
2.218368676317982136e+01
1.517413076317981790e+01
-4.464924523682020663e+01
-3.478361823682018894e+01
1.211925276317981570e+01
-3.076232923682019305e+01
-3.128501623682018362e+01
-1.020318362368201406e+02
-5.404725623682020341e+01
-6.775619023682014586e+01
-1.422857323682018205e+01
-1.177073023682015673e+01
-2.586232236820166008e+00
-2.656462223682015633e+01
-3.254738223682016951e+01
-5.842283323682016771e+01
2.133836576317983713e+01
5.317381276317982497e+01
-4.065872423682014869e+01
-2.669023323682017690e+01
-5.486871623682020527e+01
2.204153676317983468e+01
-7.253404236820188089e+00
-3.823712368201768186e-01
5.060852763179838121e+00
-7.864126223682018235e+01
-4.152394623682016572e+01
-3.782784523682019540e+01
-7.007268236820181073e+00
1.015585276317983698e+01
-1.953757223682015365e+01
-3.459779623682018723e+01
3.039596476317984752e+01
-5.596136823682019212e+01
-7.220499323682020076e+01
9.430187631798219172e-01
-2.736353623682015268e+01
-9.945150236820182954e+00
-1.630601823682019358e+01
-4.295681623682020245e+01
-2.438902236820183589e+00
5.591087937631798468e+02
-3.671043223682016787e+01
-6.052037123682015363e+01
-5.387504223682014981e+01
-5.497768223682015787e+01
4.473863976317983315e+01
1.173702676317981286e+01
-6.046652123682019919e+01
-3.974551236820161648e+00
-6.517238723682021373e+01
5.055795076317983217e+01
2.531354076317984436e+01
1.183888676317982913e+01
6.381917763179814074e+00
-4.997621623682022118e+01
-3.392310823682018395e+01
4.051750076317981097e+01
-9.852017223682014446e+01
-5.468719923682016315e+01
-9.407666823682018276e+01
-2.006999623682017386e+01
-1.803274023682016036e+01
-3.830701023682019013e+01
-7.762762023682017798e+01
-4.855995323682014941e+01
-5.636875123682017374e+01
5.029017876317982427e+01
-6.933438423682014218e+01
-5.793057623682017265e+01
-3.266863023682014955e+01
-4.402205123682017529e+01
5.424758677631798491e+02
-3.613480323682014728e+01
3.530681763179813970e+00
-5.027381323682016045e+01
-9.400267236820184280e+00
2.695585876317983320e+01
1.779012676317981345e+01
-3.049086623682018171e+01
-6.628652523682018227e+01
-6.597461023682018322e+01
-6.501083236820193179e+00
8.484433763179822563e+00
-7.117793123682019996e+01
-6.485649723682013246e+01
-3.328764823682018914e+01
-3.534143723682018390e+01
6.109921977631797745e+02
-2.912752236820182361e+00
2.458765763179826536e+00
-3.477834123682018230e+01
-5.132026323682015345e+01
-1.318267423682016215e+01
-2.719882323682017500e+01
2.929557276317981973e+01
3.192459876317983003e+01
-5.130277323682020096e+01
8.893883763179843527e+00
-5.368160023682020210e+01
-7.099710223682018295e+01
2.424963276317981808e+01
-1.231417523682017645e+01
-8.230652823682015651e+01
1.670752376317980747e+01
-5.801798023682016492e+01
1.627563876317984182e+01
4.533219376317981641e+01
-2.193862223682015156e+01
1.258136776317982708e+01
9.797187763179834974e+00
-8.216391236820186350e+00
-1.406143772368201894e+02
-8.542463236820168504e+00
-2.443664123682017930e+01
-1.055171422368201775e+02
-4.771486123682018388e+01
1.701531176317982386e+01
2.074225076317981120e+01
-3.163610723682015191e+01
-3.128933236820188313e+00
-3.798554823682016490e+01
-8.918567236820166499e+00
-4.715619423682016986e+01
9.446742763179827307e+00
-6.875765823682019118e+01
-3.723919023682017837e+01
-4.464807823682014032e+01
-5.057863323682016699e+01
-4.210865523682016942e+01
-2.827897523682017322e+01
-7.425529423682019114e+01
-1.339353923682020309e+01
-4.726896523682017914e+01
2.571836476317983511e+01
-1.297903723682017585e+01
8.656412076317981530e+01
4.586311876317981273e+01
-2.260213236820163729e+00
6.653339763179843658e+00
-6.228513223682017497e+01
4.891866476317983370e+01
3.008872763179823551e+00
-3.728300236820189184e+00
-2.183343723682020254e+01
2.002444176317982283e+01
-1.134019623682016231e+01
5.545301297631797297e+02
2.408350076317981348e+01
-5.023071523682017414e+01
5.681839376317981305e+01
-1.772858223682015932e+01
-7.148208023682013845e+01
-6.056114423682015513e+01
-6.032674723682015383e+01
-2.650064923682015205e+01
3.803188976317983361e+01
-3.358301923682017787e+01
-2.124843236820197490e+00
-4.707184236820154410e+00
-3.427136523682017355e+01
-3.994320523682014823e+01
-1.292394623682017141e+01
-6.944941223682019427e+01
-5.154809236820170781e+00
5.466290076317983448e+01
-7.375510623682021105e+01
-8.909038123682017840e+01
-1.286135236820200589e+00
-1.042124202368202077e+02
-2.641303523682017840e+01
-4.690754723682016447e+01
-6.273801023682017330e+01
-2.005883236820181992e+00
-6.638551123682015032e+01
2.345220763179810319e+00
-2.287310123682016183e+01
-1.914661323682017269e+01
-8.418011236820177601e+00
-5.674856423682018658e+01
-3.985033523682020018e+01
1.108702176317981980e+01
-2.269607723682017308e+01
-5.812254523682020135e+01
1.920358476317983332e+01
5.017845797631798064e+02
9.386857763179818903e+00
2.213534076317984045e+01
-1.073369952368202007e+02
-2.912232236820159414e+00
-1.057752223682015824e+01
-4.522835236820185401e+00
3.305530976317982095e+01
-2.676666723682018301e+01
-2.137019923682015587e+01
5.969698417631798293e+02
-6.214649323682021986e+01
-1.095892723682018755e+01
-3.637888523682019581e+01
2.877063876317984636e+01
2.180231976317980980e+01
-7.689258236820194270e+00
1.084183176317984021e+01
-1.413079723682014333e+01
4.049537676317982005e+01
6.561745763179828828e+00
-2.804927023682020604e+01
-1.568439523682019399e+01
-4.176328723682019017e+01
-2.623275323682014459e+01
-1.455712723682017895e+01
2.126675763179832757e+00
2.772837676317982414e+01
-2.014107236820166236e+00
2.546937976317983043e+01
-4.212042623682015119e+01
3.052776976317980484e+01
2.032930776317982691e+01
1.331863576317982734e+01
-4.885114823682016549e+01
-6.763860823682017553e+01
6.972257631798584043e-01
-1.532870923682017406e+01
-6.957355823682019036e+01
4.951713763179839134e+00
-4.115769523682018871e+01
-3.022274323682020736e+01
5.472941076317982834e+01
-9.164700236820181090e+00
-3.516512368201460959e-01
-1.746285423682019200e+01
-4.679243823682014636e+01
-3.123051223682020350e+01
-3.853649236820160695e+00
-3.592035823682019213e+01
2.968090576317982254e+01
1.050274276317981048e+01
-1.173191123682016723e+01
-3.772424023682017946e+01
-1.461306623682020245e+01
4.112402276317982341e+01
-6.791722523682017254e+01
-6.489788223682018042e+01
5.987226876317981805e+01
1.490717376317982712e+01
1.721547176317980643e+01
2.761560676317984075e+01
-5.299235423682017654e+01
1.139190976317982518e+01
6.326250476317983384e+01
-1.039496623682018139e+01
-2.245012223682016383e+01
-6.055924823682016722e+01
-3.969656723682015809e+01
9.345511763179843001e+00
-8.038181123682016960e+01
1.336397776317983244e+01
-2.263203623682016996e+01
-2.908605123682016824e+01
-3.504733123682018459e+01
-1.233224123682018103e+01
4.851676076317983188e+01
1.059311276317984607e+01
1.712508376317981629e+01
-7.601950723682017497e+01
-2.443452323682018346e+01
-2.170167423682016761e+01
-3.002637923682019050e+01
1.132730376317982746e+01
3.173932976317982479e+01
4.499202763179823705e+00
-5.350097423682012732e+01
3.123887076317981837e+01
-1.867616123682017815e+01
7.413276317981853936e-02
-4.295823323682020600e+01
-1.190238223682015928e+01
4.812909976317982341e+01
5.045274763179833144e+00
-2.926786723682016600e+01
-3.481420623682018345e+01
-6.735070223682015467e+01
-1.920872623682015501e+01
-4.759432023682018098e+01
-8.447349523682021299e+01
-2.551650423682016822e+01
-6.502281623682017653e+01
-2.519268223682016128e+01
2.151850576317983155e+01
-2.150379223682017482e+01
-5.310152423682018252e+01
4.082419376317980664e+01
-1.572707023682019667e+01
-4.626984523682017425e+01
-9.840540236820174869e+00
-4.345656523682015404e+01
-7.690601023682017967e+01
-6.442563323682020382e+01
-1.544037623682015692e+01
2.610211876317981705e+01
-2.737533923682019577e+01
-4.693063523682019422e+01
-3.572320123682015947e+01
2.952720476317983866e+01
-4.258400823682018199e+01
-1.504126023682019309e+01
-3.737391623682020736e+01
-1.541030123682014619e+01
2.757904176317981637e+01
-4.569237623682016647e+01
-8.963697323682015394e+01
-1.628611723682016077e+01
9.596735763179822243e+00
2.934891476317983461e+01
-7.869134923682014460e+01
-9.592617123682015290e+01
-2.293796236820185186e+00
-3.237991223682018926e+01
-3.138263623682016146e+01
-3.382289236820184897e+00
-5.209701523682014113e+01
-6.557886236820166914e+00
2.658637763179797275e+00
4.420439376317980873e+01
4.915971076317984512e+01
1.071922087631798348e+02
-2.754829923682015647e+01
1.356998763179831258e+00
-3.538762368201560093e-01
-4.344422523682015935e+01
-5.589301123682014349e+01
-6.375039523682022491e+01
-2.691281236820174172e+00
-7.313495423682019236e+01
2.241419176317981510e+01
-1.307187236820197995e+00
-2.285504623682018632e+01
2.441451276317982888e+01
-2.427292723682018050e+01
2.857845876317983880e+01
-1.354743236820183938e+00
9.734597631798180828e-01
-5.763912023682019026e+01
-7.902077423682015933e+01
-4.830712223682013473e+01
-2.501864123682020136e+01
-1.855621923682016927e+01
-3.006217123682017700e+01
8.473880763179835185e+00
1.909847876317982696e+01
1.009040976317982086e+01
-2.827175223682019123e+01
-1.972703823682016377e+01
-1.003936023682018686e+01
-3.099248423682016096e+01
4.713209763179833089e+00
-2.324077236820187409e+00
-1.693767923682017340e+01
5.205364476317981826e+01
2.374757976317982866e+01
2.821062576317982007e+01
1.741165576317982300e+01
-3.236727523682017704e+01
-6.213503323682016344e+01
2.051914763179809142e+00
3.201206476317983629e+01
-5.954437623682014191e+01
-4.573076223682016916e+01
-2.117793523682018986e+01
1.835235763179809965e+00
-4.121931523682016518e+01
-7.231406123682018006e+01
-5.668755423682017636e+01
2.463538763179826674e+00
-4.938054723682017766e+01
6.192495763179806545e+00
5.850771927631798235e+02
-1.527792123682016268e+01
-4.866615023682015817e+01
-1.198263123682019682e+01
1.339675376317981659e+01
-3.629901023682018035e+01
-1.950837523682017149e+01
-1.406745023682017859e+01
-4.734149323682021304e+01
-6.632202823682013104e+01
-3.238812823682016528e+01
2.590730276317981406e+01
-5.890088823682015118e+01
-3.412493423682016669e+01
5.387050176317981709e+01
-6.505385236820188766e+00
-2.080540236820155542e+00
2.367997176317982166e+01
4.627044076317983468e+01
-1.906673523682019322e+01
-5.385295823682020000e+01
-4.505225823682019382e+01
-4.593046023682018131e+01
-2.884815223682016949e+01
1.716945576317982614e+01
-4.038968236820181801e+00
4.555437763179838839e+00
-2.087520423682019555e+01
7.156962763179819831e+00
4.842737631798570419e-01
-2.175575223682017167e+01
2.224880476317983380e+01
-4.858752368201919580e-01
-3.254081423682018226e+01
-2.948602236820192957e+00
-1.819501923682017264e+01
1.284930476317981629e+01
-1.147300662368202211e+02
-3.060683723682018353e+01
6.598841376317983531e+01
2.852599763179824777e+00
-1.131463223682015951e+01
-6.458990523682018647e+01
-1.167350223682018395e+01
-6.561606223682019845e+01
8.099747763179806270e+00
1.854981076317983479e+01
-3.444751223682018804e+01
-9.048612223682016520e+01
-5.575212236820192402e+00
-7.293498023682013809e+01
5.210834976317983092e+01
-3.471461323682015632e+01
4.352120763179812002e+00
-4.547967623682018257e+01
-3.717955423682019500e+01
-6.403594123682017880e+01
1.091102276317982955e+01
-2.711670923682015655e+01
2.998786676317982369e+01
1.465117976317984017e+01
-2.162329623682018109e+01
-3.115610236820174350e+00
1.220326176317982458e+01
5.295042763179822032e+00
1.824883476317984332e+01
-1.016010523682015787e+01
-1.052988882368201757e+02
3.601410576317982759e+01
1.018048276317983891e+01
-4.696521323682014781e+01
-1.457689023682016227e+01
-2.539582323682017773e+01
8.993921763179827167e+00
-1.529086223682020318e+01
-8.526914023682019206e+01
-4.513025423682017845e+01
-5.105274523682021481e+01
-3.137322368201580503e-01
-2.615521723682016386e+01
2.161273476317984432e+01
-6.862265623682020532e+01
-8.994902368201564968e-01
-1.216769523682020804e+01
5.598871777631798068e+02
-2.732780423682018522e+01
-9.373643723682016571e+01
-1.136576123682016259e+01
8.808436763179827267e+00
-2.127347423682016370e+01
-3.057034823682016622e+01
-6.655789823682016504e+01
-4.193565523682016760e+01
2.096889276317980944e+01
-8.420062123682015454e+01
-4.842202423682016388e+01
-2.514049523682018616e+01
-5.643968236820199991e+00
-4.877417523682015599e+01
-4.892116623682017007e+01
-3.034248723682017612e+01
2.884790776317981909e+01
5.501925397631798660e+02
-5.475696023682019131e+01
4.932243347631798542e+02
3.556994676317981430e+01
-4.672207023682017279e+01
-2.556781023682017917e+01
-1.114979123682019235e+01
-4.622881523682019633e+01
-3.239764323682018698e+01
-5.840840623682015575e+01
1.908793176317982443e+01
5.552823763179816297e+00
6.121589763179827060e+00
-2.403862236820202725e+00
-6.815921023682017221e+01
2.012592176317983217e+01
1.736415976317982768e+01
-2.080250823682018790e+01
3.000667763179848180e+00
-1.110485323682016201e+01
5.352958076317983682e+01
1.385295876317982788e+01
-5.852396023682018722e+01
7.447088763179834814e+00
-3.226612223682016634e+01
6.075013377631798903e+02
2.461132763179818994e+00
-5.370716723682016891e+01
1.327886076317983566e+01
-5.283000323682017552e+01
5.129708776317983165e+01
-3.665723223682016396e+01
-5.994972523682019983e+01
-8.878841223682019290e+01
-2.707469423682016441e+01
-6.344006236820177946e+00
-2.897439723682015256e+01
-6.644278723682020882e+01
-5.149790823682019436e+01
-1.037537412368201899e+02
1.544687631798069560e-01
-4.598709823682020215e+01
-1.203909023682015800e+01
-4.804026323682018074e+01
-1.591053023682016487e+01
-2.327202723682017904e+01
1.731818763179802545e+00
-4.680362923682019982e+01
6.023268127631797597e+02
3.526760763179822789e+00
5.263533767631797673e+02
2.531718176317983193e+01
3.449545676317981702e+01
-1.558736723682017100e+01
-6.400859223682016363e+01
-5.876399323682016984e+01
2.204036576317983531e+01
8.407611763179829723e+00
1.442566876317982860e+01
-1.475037423682016424e+01
-7.399622223682013100e+01
1.089733763179793868e+00
3.867558476317984173e+01
3.018085476317983762e+01
-4.166529723682015174e+01
-3.966603236820162692e+00
-2.410224523682020958e+01
-6.680904423682017068e+01
5.076273776317984243e+01
1.886452076317982574e+01
-3.080495223682018491e+01
6.137248763179826483e+00
-1.136610323682015178e+01
5.114522876317982991e+01
-5.236189323682020813e+01
-8.547883236820183583e+00
-7.195124223682017828e+01
-7.196895923682018292e+01
-2.591052023682019012e+01
1.086127976317982302e+01
-4.297316923682018341e+01
2.749867763179850044e+00
3.433520763179814139e+00
-1.616021423682019531e+01
-2.006943423682017169e+01
-3.065361023682018526e+01
-5.678761523682015877e+01
3.801842776317982953e+01
6.182243487631798189e+02
-2.110343323682019445e+01
-5.551243923682017112e+01
6.506616763179806640e+00
-5.313977223682013573e+01
-3.210482323682018091e+01
3.620169976317981764e+01
-2.706075623682019682e+01
5.542906763179814789e+00
6.081825476317982293e+01
-3.088834423682015995e+01
5.509904763179832798e+00
-3.587210323682015201e+01
-2.929316823682020754e+01
-9.736169823682018887e+01
-5.503495723682016205e+01
-1.232795236820209084e+00
-3.998784923682015346e+01
-1.775865023682018773e+01
2.528824763179812862e+00
3.025251676317981264e+01
-1.906156723682016718e+01
-9.285909236820174328e+00
-4.038021423682019417e+01
-2.478200623682019454e+01
1.725116976317980289e+01
-5.830950236820171995e+00
-7.731800123682018011e+01
-3.351161223682018431e+01
-8.265850236820170949e+00
1.499250776317981604e+01
-3.676053823682016741e+01
7.298187776317982411e+01
2.483846976317983035e+01
-4.067002223682015938e+01
2.996344876317982653e+01
2.526314376317981214e+01
-1.531438023682017047e+01
-4.141103223682014800e+01
-3.374472323682016395e+01
-4.079822623682017024e+01
-6.965939123682016998e+01
-3.628661623682017989e+01
-4.535451023682020377e+01
-1.287279823682018787e+01
3.402149763179835418e+00
6.718571763179824075e+00
2.815034576317981418e+01
-3.838792023682020726e+01
2.844329776317982805e+01
-5.107945423682019737e+01
-2.572286323682016018e+01
-2.374531723682017059e+01
-2.894713423682017606e+01
-3.488636323682015927e+01
4.870158276317982882e+01
9.733045763179831056e+00
-8.811267923682015635e+01
3.393402276317982569e+01
-1.993646323682017396e+01
-7.183211123682013977e+01
4.433226176317984368e+01
2.314855776317983782e+01
4.850339576317981027e+01
-2.616285723682017306e+01
-1.975795023682016449e+01
-1.306016323682015923e+01
2.965818876317982244e+01
-3.363900236820171585e+00
4.425460776317981981e+01
-8.943424123682018489e+01
9.909517631798223647e-01
-7.740622923682019518e+01
-1.588448023682016697e+01
6.153569447631798539e+02
-1.211813832368201815e+02
1.680769876317981470e+01
5.846000763179830528e+00
3.650808763179838934e+00
-9.999979236820195183e+00
1.638500476317983612e+01
-1.332011923682017596e+01
-2.060752423682015433e+01
-1.123768123682017972e+01
-1.932578223682017438e+01
3.863517976317982061e+01
9.731416763179822738e+00
-1.036216623682020099e+01
-1.745221923682018428e+01
-4.552837236820181488e+00
-1.732556223682018981e+01
1.444646763179832760e+00
-5.830209723682014555e+01
-3.227761823682018871e+01
-6.023633623682019334e+01
1.286125576317982677e+01
7.505458763179831294e+00
-1.467177123682017736e+01
-9.961222236820162834e+00
4.938826076317982938e+01
-3.915292823682014500e+01
-1.945096923682018542e+01
-4.312975123682014100e+01
5.078777647631798118e+02
4.222732276317981359e+01
5.308693763179803682e+00
-3.266705236820172331e+00
-1.552353236820152915e+00
-6.348958123682018595e+01
-9.792199423682018278e+01
-6.921857023682019872e+01
-1.336257923682018145e+01
5.911469597631798933e+02
-2.031199523682019503e+01
-1.441486823682018326e+01
-2.205445623682018663e+01
5.742942727631798334e+02
-2.588281123682017437e+01
2.213030476317982220e+01
-4.915524523682017843e+01
-8.768099423682019733e+01
-6.987669623682018027e+01
-9.509335023682018573e+01
2.657649176317980277e+01
2.001957176317981180e+01
1.722011876317981205e+01
1.497148076317984078e+01
-6.379476236820153190e+00
1.987063576317981983e+01
-1.012266342368201890e+02
-1.345461423682019131e+01
-3.080313323682017312e+01
-5.337118023682018020e+01
3.694055076317982866e+01
3.603210763179845344e+00
-4.492119223682016127e+01
-3.652406523682017792e+01
-8.598311236820165959e+00
2.299906276317983611e+01
-3.046760323682016747e+01
4.725271763179819118e+00
2.006688876317983272e+01
-3.463670423682017940e+01
-1.284056423682019954e+01
5.569408137631799036e+02
-4.536232423682014314e+01
3.349672763179825097e+00
-4.751780823682020127e+01
-4.993929723682015265e+01
-2.280919323682019240e+01
1.914188476317983145e+01
9.053358763179829793e+00
-2.294843523682018827e+01
-6.411034223682014499e+01
-1.230098872368201910e+02
-2.114322023682018425e+01
-1.906409523682020790e+01
1.453852876317981213e+01
-5.441145223682019605e+01
1.731239776317983114e+01
-9.863023682015636950e-02
-3.125138923682018799e+01
2.240655276317983180e+01
-5.055731923682014894e+01
-4.833567823682017206e+01
7.555082763179825633e+00
-8.316253236820159600e+00
2.458408976317983274e+01
-1.746638123682018318e+01
1.658747676317983633e+01
5.503047027631798755e+02
-8.179420923682016564e+01
-6.334942236820182870e+00
2.142781976317982640e+01
4.916843087631797857e+02
-1.797925923682015537e+01
-1.462592723682018914e+01
5.727572763179807680e+00
-2.144664723682015506e+01
-6.762747423682014869e+01
3.446254476317980675e+01
2.835940376317981304e+01
-6.658281423682018385e+01
-1.831301723682017268e+01
-3.191716623682017939e+01
-3.669088323682018427e+01
3.359326376317983431e+01
-6.666791323682014081e+01
-7.449473523682019049e+01
-6.655900236820173177e+00
-1.501013223682016928e+01
-5.921843023682015428e+01
5.191365763179845771e+00
3.948512576317980916e+01
-1.847068123682018381e+01
6.965289763179839611e+00
2.656922276317982323e+01
-1.114587423682016265e+01
3.252464076317983199e+01
-3.552659823682017759e+01
-2.226100023682016626e+01
-5.126966236820180711e+00
-8.104066236820187896e+00
-3.701657023682020053e+01
-6.605937236820182079e+00
-4.040229236820181313e+00
-1.596830123682016733e+01
-5.502340123682017747e+01
-2.022545236820207037e+00
-1.270953023682017147e+01
5.531613776317982456e+01
-5.309289523682019762e+01
2.412044076317982899e+01
-4.171845523682014800e+01
-4.742658236820176398e+00
-6.312014623682017600e+01
-8.628835323682017133e+01
3.381022763179828416e+00
-2.590758023682016642e+01
-6.467415823682017617e+01
-4.922618923682017567e+01
-1.929471623682019299e+01
-3.392581423682020159e+01
-3.010835023682017209e+01
-8.623842523682020555e+01
-1.112579323682018639e+01
-5.101163323682015971e+01
-2.143052823682015173e+01
-5.714847823682015360e+01
-3.357587323682017200e+01
1.007941476317984097e+01
-2.019632368201769168e-01
1.154433976317983479e+01
4.720408047631797785e+02
3.483129976317982823e+01
6.283208676317983077e+01
5.266788687631798211e+02
4.839051476317982292e+01
-1.355770423682017167e+01
-3.636144823682016636e+01
1.870225476317983748e+01
-9.738941023682019704e+01
1.135913876317982840e+01
2.158123763179844445e+00
-8.627000523682016819e+01
1.386816076317984425e+01
5.318384437631798392e+02
2.931336763179842819e+00
-2.425194723682014342e+01
-7.226375423682020482e+01
-2.468435923682017119e+01
-1.698293223682017583e+01
-2.330983623682016059e+01
2.390946763179840673e+00
5.385967427631799183e+02
-4.704574923682014287e+01
-2.082058723682018808e+01
6.755547631798037855e-01
-4.069490123682015792e+01
-3.878221123682016014e+01
-1.408543223682016787e+01
1.562069876317983130e+01
-1.094845823682018704e+01
-2.640550723682017065e+01
3.134264676317982889e+01
-3.531059323682018203e+01
-5.140062023682020254e+01
1.376334763179841048e+00
-8.257492236820183962e+00
-1.845338123682017795e+01
1.276668476317982481e+01
-1.199780236820146229e+00
1.541463776317982592e+01
-2.251706823682019376e+01
-1.860481523682017269e+01
5.363257587631798060e+02
8.176997763179826961e+00
2.739818776317983406e+01
3.993417763179820668e+00
-4.884682623682016356e+01
1.256599976317983192e+01
-6.253269023682014449e+01
6.481686763179823174e+00
3.913397676317981677e+01
2.954043276317983668e+01
1.981209076317983886e+01
-3.332000823682017199e+01
-1.456837323682017882e+01
-4.404672368201829613e-01
-3.844829723682013878e+01
-2.336801523682015613e+01
3.961147376317981639e+01
8.155602763179814474e+00
-1.981146923682015881e+01
-1.262366236820184895e+00
4.143954076317984914e+01
-7.306865623682017485e+01
1.334227776317982261e+01
7.800640763179842452e+00
9.327970763179820324e+00
-7.308025823682021382e+01
1.057625776317982513e+01
-5.613847823682016269e+01
-4.890753236820160055e+00
-2.546717423682014214e+01
4.325558763179827793e+00
-4.690416923682016659e+01
-8.546898223682018170e+01
1.821084676317983053e+01
-4.214172523682017868e+01
5.802195763179810228e+00
2.165296576317985000e+01
-8.639292823682018252e+01
-4.527706723682018719e+01
-8.523594523682021418e+01
3.102285076317983226e+01
-5.433622423682015778e+01
-9.733908236820184356e+00
4.925398467631798667e+02
-3.169991323682017992e+01
-9.675391236820189533e+00
-3.484085323682015201e+01
-2.637737223682015042e+01
3.000765276317983421e+01
-7.382531323682019320e+01
-5.708360123682012954e+01
-6.390357236820165099e+00
-1.927382023682019963e+01
5.587756776317982599e+01
1.694053376317984316e+01
-2.037135323682016974e+01
-8.277812236820182079e+00
1.962955276317981657e+01
2.980158276317982313e+01
-4.702568423682015464e+01
-3.309499723682014860e+01
-5.526657023682020053e+01
9.029951763179809632e+00
-7.069464123682018908e+01
-1.878831923682017191e+01
-1.919496823682018771e+01
-2.821279723682016538e+01
3.672411763179837862e+00
-5.490083323682017635e+01
-8.251498236820168586e+00
1.137386763179819127e+00
-2.409369823682018819e+01
1.677556076317983980e+01
1.391453076317984028e+01
-8.962877236820190774e+00
-2.000166523682017328e+01
3.718250763179810292e+00
6.164087763179821877e+00
5.588342827631797718e+02
-4.135087423682014673e+01
-2.928446323682015873e+01
-1.171893623682015573e+01
7.958822763179824733e+00
-5.823275823682018881e+01
-3.594298723682018704e+01
3.872022776317982107e+01
3.179358076317981840e+01
-2.639797223682015215e+01
-2.406963323682018085e+01
-3.383719023682016314e+01
-1.347065823682018504e+01
-2.639490236820165592e+00
-5.653215423682019036e+01
2.047026576317983881e+01
-3.878356523682018064e+01
-2.624532368201641930e-01
-1.677771723682016614e+01
-4.926778723682019745e+01
-2.986135623682017126e+01
3.233817676317983114e+01
-1.577996123682015650e+01
1.776466076317981901e+01
3.035614776317981978e+01
-1.347537823682014846e+01
-1.399800323682015346e+01
-1.016833623682015286e+01
-1.603161823682020781e+01
-2.948218123682019609e+01
3.130386763179842546e+00
2.182993776317982793e+01
-5.230021023682019177e+01
-1.258655123682015642e+01
-9.893404236820174447e+00
5.345931457631797912e+02
-1.773163323682018699e+01
-7.700598723682020363e+01
-4.362555023682017463e+01
-2.588906423682018954e+01
-2.515888323682017358e+01
-3.809771923682018269e+01
1.382762776317983366e+01
3.576983763179839571e+00
5.367934763179817992e+00
-5.171733723682018535e+01
3.337637576317982280e+01
-4.487941723682018846e+01
2.474341763179808140e+00
1.633039876317982930e+01
1.410211676317982210e+01
-3.868847236820158741e+00
6.546988763179825810e+00
-2.925716223682019290e+01
-3.284972423682015119e+01
-1.018347323682016281e+01
1.532849776317982560e+01
-6.964571423682019713e+01
-1.264140323682016742e+01
-6.148732923682018736e+01
-9.143922323682016895e+01
-5.059348223682013668e+01
4.981264176317981196e+01
2.405392876317981177e+01
2.691470176317983487e+01
1.464950676317982925e+01
-3.884057323682017682e+01
-2.206180723682015810e+01
1.335038476317981804e+01
-1.426744923682014132e+01
1.580365076317983153e+01
-2.328693223682014946e+01
-7.387016236820187487e+00
2.499406776317982803e+01
-6.567554323682020367e+01
1.203384876317983299e+01
-7.123568236820204902e+00
-4.286094123682016743e+01
-1.307380323682016865e+01
-1.443118623682016732e+01
1.020403076317981572e+01
7.256407876317982186e+01
-3.689059423682016359e+01
-2.236150723682015951e+01
-4.495777123682017873e+01
-3.952242368201552836e-01
-1.985461723682016100e+01
-8.166751236820147142e+00
3.859818976317984607e+01
-1.423496623682018480e+01
-7.107900236820171358e+00
-4.508467923682019318e+01
8.386581763179833615e+00
-4.729459236820162005e+00
-2.563838723682019349e+01
1.449198076317983919e+01
-2.067664523682020672e+01
3.356677076317981800e+01
-5.314150423682019664e+01
-2.316013923682018572e+01
-5.325586123682018069e+01
3.669325876317984125e+01
-7.073772523682015390e+01
-1.177151422368201565e+02
1.596248476317984455e+01
3.016761976317982885e+01
-8.594661023682016321e+01
3.512692776317982180e+01
-7.006770236820187847e+00
5.776880763179832456e+00
-9.038432223682013955e+01
-2.105310123682016865e+01
-1.681152123682016963e+01
-5.530283423682016064e+01
-9.527676236820155964e+00
1.185605376317982973e+01
-7.345066923682014703e+01
5.005036776317982117e+01
-4.701937823682015960e+01
-4.474574423682020097e+01
-2.671726223682017576e+01
-1.179399723682016088e+01
-3.306732623682015060e+01
5.906229076317984550e+01
-2.330732368201893223e-01
-1.537894123682019654e+01
-4.518169823682018205e+01
3.423268776317982542e+01
-6.474451623682017498e+01
6.504866763179819600e+00
6.305908967631798987e+02
1.085249976317982146e+01
-1.147591236820204585e+00
2.957104876317981734e+01
6.987107631798039620e-01
-2.465851223682020077e+01
1.693839876317983340e+01
-4.927493323682017490e+01
5.374543527631798270e+02
-3.118770623682019050e+01
2.704096876317981923e+01
-3.204337523682016808e+01
-7.851677823682013013e+01
-9.430757236820170419e+00
1.215796676317981451e+01
5.351257763179830818e+00
8.257940763179846044e+00
-2.853735223682016908e+01
-5.631436023682016412e+01
-1.175523682016432758e-02
-4.867849623682019455e+01
-3.771966123682017269e+01
-6.067419923682012950e+01
5.811094676317981111e+01
-2.900563723682017780e+01
5.944329957631798607e+02
-7.133208723682020036e+01
-2.373562923682018777e+01
3.778679176317982069e+01
6.898273763179815887e+00
-2.855890236820158634e+00
-5.170550623682015612e+01
-1.261992523682016554e+01
1.285980976317983959e+01
-4.602003236820166876e+00
8.269090763179832493e+00
2.874855176317981886e+01
-5.030334723682017284e+01
-5.484466723682015754e+01
-6.450050523682017456e+01
-5.257061123682018433e+01
-1.363508123682018436e+01
6.757367763179814801e+00
-5.462346023682016494e+01
-4.806071123682016832e+01
2.218529576317982333e+01
-5.061536623682019354e+01
1.656235276317983107e+01
4.222394076317982581e+01
1.940078876317983259e+01
-8.764085236820193359e+00
-3.560931323682015659e+01
-2.719669123682018608e+01
-2.356296223682019786e+01
-3.473176323682017141e+01
2.713372276317983278e+01
-5.042944523682018598e+01
5.374269776317981950e+01
-6.574747236820144281e+00
-7.035198923682020222e+01
-1.391881023682017826e+01
-1.046323236820171587e+00
-8.688457236820170237e+00
3.379787176317981334e+01
-4.090906323682017387e+01
2.639742076317980946e+01
-4.195492923682019182e+01
-2.712188823682015482e+01
-3.934662223682013860e+01
-2.921493123682017767e+01
1.380040576317983891e+01
3.750306763179821701e+00
-1.835586236820176964e+00
1.426269376317981141e+01
-7.846381923682019988e+01
-3.831480123682015915e+01
1.846181876317982073e+01
-2.350584423682016677e+01
-8.022458123682019959e+01
-3.904058723682018694e+01
-2.461510823682019122e+01
-2.720274423682016618e+01
5.818377037631798885e+02
-2.379023023682015037e+01
4.285611276317982288e+01
2.829021763179838445e+00
-7.104881623682018699e+01
2.140114476317981484e+01
-3.880822323682016872e+01
-1.069124023682016400e+01
-4.502112123682019273e+01
-2.619530023682017372e+01
-3.580313623682016555e+01
1.813309076317983681e+01
-2.189180923682016555e+01
-6.574022423682015415e+01
-3.064487823682014778e+01
2.501262763179823878e+00
1.060766676317982160e+01
-6.451985723682014395e+01
-1.047663023682017069e+01
1.397223676317983632e+01
1.212548076317983714e+01
1.347815776317983705e+01
-9.960412368201900790e-01
-4.640621323682017874e+01
-1.029931623682020359e+01
-2.930835623682017399e+01
-8.168223423682013618e+01
-7.347754236820179585e+00
9.055156763179837753e+00
-1.065821023682019586e+01
-1.814354323682019299e+01
-3.301347236820163289e+00
3.236417763179844087e+00
-3.424555723682016151e+01
5.354431237631798695e+02
-3.480532423682015519e+01
-2.636711623682018057e+01
5.446776763179826730e+00
-1.936489223682016814e+01
2.840187776317981161e+01
-1.146628236820163238e+00
-2.199050236820170312e+00
-7.575087523682020674e+01
3.776461576317984736e+01
4.053172176317983144e+01
