-1.136129483541145646e+01
3.783211645885558028e-01
-4.361251983541149002e+01
5.825398164588534655e+00
5.816464216458854253e+01
6.325483164588490581e+00
-1.385022083541150550e+01
4.190620516458852762e+01
8.526518516458850172e+01
8.127651164588542088e+00
9.808001164588517895e+00
9.089890216458854866e+01
1.093144641645885713e+02
3.022549416458855376e+01
1.127938416458852089e+01
6.678648164588537384e+00
1.139768816458854417e+01
-2.625903283541146038e+01
3.281127816458854340e+01
4.439519316458853382e+01
-2.557273983541148255e+01
-3.124880483541147669e+01
1.716274416458855967e+01
6.391764316458852591e+01
4.027212916458847758e+01
-2.558857883541145384e+01
-1.216603983541148182e+01
-6.142541883541150582e+01
6.993345816458850095e+01
3.937280916458854563e+01
6.787436616458853678e+01
2.078417616458852990e+01
2.057448016458852180e+01
-4.773134835411440235e+00
-4.933761583541149776e+01
3.559183116458848417e+01
2.212004164588506683e+00
7.296229416458851347e+01
1.897906216458852668e+01
3.461005716458851111e+01
1.231551116458854267e+01
2.680320316458852403e+01
-9.210902835411502565e+00
2.783019116458854114e+01
-5.450611008354114801e+02
2.011814016458851029e+01
5.852553816458851088e+01
-2.236433583541150938e+01
-5.644402988354114541e+02
-9.192845835411503685e+00
4.774087316458854957e+01
-2.181180683541145982e+01
7.989507516458854752e+01
-4.213591835411477859e+00
-2.363361383541149507e+01
-5.766250483541148242e+01
1.126513216458852185e+01
-8.014967835411482611e+00
4.918119716458852508e+01
-1.939876083541150820e+01
1.457732816458855041e+01
4.211675016458855225e+01
1.458476416458853464e+01
-3.217527783541146391e+01
-5.230071783541148989e+01
9.070351416458856875e+01
7.276587416458852431e+01
5.032154216458854989e+01
-2.055828783541147686e+01
2.534062816458850875e+01
-4.283662483541144184e+01
2.716896216458849267e+01
3.433181816458852609e+01
-4.345263183541146645e+01
5.342008016458851216e+01
6.990958164588505497e+00
-3.996011835411479751e+00
7.263180216458852101e+01
-3.115789883541145855e+01
7.032686716458852061e+01
9.941912916458852578e+01
-1.834557883541145884e+01
4.366801816458848862e+01
6.539800116458854973e+01
8.600461645885388862e-01
4.831189164588522544e+00
4.031745216458853065e+01
-3.363967883541147330e+01
-3.213308283541147148e+01
-2.518903283541146720e+01
1.760354116458853468e+01
-1.938369583541151542e+01
-2.568662283541146962e+01
-3.318679883541148001e+01
-2.768980835411468888e+00
-1.554070183541148253e+01
6.243494216458856272e+01
-1.237334283541144941e+01
-1.112003783541149460e+01
-2.436487283541146098e+01
-2.646983183541146900e+01
1.379454316458850371e+01
-6.966442835411498891e+00
-3.509532483541147485e+01
-8.341453835411471118e+00
-3.098115583541147089e+01
4.439715116458853572e+01
-4.719274835411454205e+00
-4.082813383541150642e+01
-3.098497283541144043e+01
4.905546164588542979e+00
-1.786890983541144351e+01
-7.537924683541149307e+01
6.016459116458850076e+01
-3.693034583541151505e+01
8.878218016458845341e+01
2.977696616458848666e+01
-3.592649483541146083e+01
2.726919316458850062e+01
-8.227721483541148473e+01
6.031320116458851999e+01
4.035434416458855367e+01
-9.698644835411471377e+00
1.698450416458848622e+01
4.362479816458852611e+01
7.438375516458853554e+01
4.189108016458851580e+01
2.442408316458852369e+01
1.226820316458849902e+01
1.575235731645885267e+02
-4.177460883541147041e+01
5.015996416458852991e+01
6.049962116458851824e+01
9.878147016458854068e+01
-5.164659683541145796e+01
1.021614616458856517e+01
-2.706162183541147215e+01
1.783576164588509982e+00
4.349176916458856113e+01
3.281701016458850972e+01
-1.996466883541148718e+01
5.262665116458850889e+01
3.690453216458854513e+01
-5.130498983541150437e+01
-1.884078683541144983e+01
-1.433194583541148859e+01
6.420931216458848212e+01
6.600921416458851354e+01
-3.570873283541146748e+01
1.785261416458848771e+01
9.305342164588523701e+00
-5.575580048354114524e+02
6.502715416458852360e+01
-7.404592483541148340e+01
5.198212616458852153e+01
3.100891916458851938e+01
4.710813716458852696e+01
1.615323816458851525e+01
4.518158216458851939e+01
-1.442356783541146115e+01
2.632771216458849040e+01
8.160330164588515345e+00
3.687735164588502812e+00
2.416135816458847785e+01
-1.764855383541146239e+01
-5.172577488354114621e+02
-1.214191883541150219e+01
-4.161450883541147050e+01
-5.656602683541143506e+01
-4.976686283541147304e+01
6.491349116458849267e+01
2.184690816458851259e+01
-8.006378083541144974e+01
3.474377016458851131e+01
-1.009653983541147682e+01
3.218319016458855231e+01
3.781191316458853180e+01
4.224652816458853977e+01
1.371738116458851664e+01
1.395608164588509226e+00
-1.511964483541146365e+01
-5.646413528354114533e+02
7.311366916458854348e+01
-4.200916983541145555e+01
4.832557316458854757e+01
2.636165516458851243e+01
5.408544016458853321e+01
3.827541416458853973e+01
2.269596116458853885e+01
-2.169645183541143751e+01
-5.010467383541146091e+01
-1.760818354114803697e-01
-3.821454283541146424e+01
-2.294873183541147910e+01
4.618076816458852818e+01
-9.626761835411457469e+00
1.075376816458850726e+01
-1.562424683541149761e+01
-3.564262835411511787e+00
1.481688116458849436e+01
-3.149000983541145615e+01
8.255550616458850754e+01
5.471063116458850573e+01
1.337265164588529842e+00
2.764264316458849180e+01
-1.487628383541147059e+01
-6.483297835411462984e+00
2.654929616458855435e+01
5.798014416458852338e+01
-4.195169783541143715e+01
-4.738575783541148212e+01
4.662500316458852012e+01
-1.882966835411480133e+00
1.800785416458847976e+01
1.190377716458851864e+01
-1.149375683541148874e+01
-4.385131835411471002e+00
-1.374956483541149055e+01
-3.076593883541147534e+01
2.041487816458851512e+01
3.025032164588537853e+00
6.919704016458854312e+01
3.430317616458853536e+01
4.074395216458856339e+01
1.780658716458850677e+01
-4.714151728354114539e+02
-2.941609083541146674e+01
4.827928816458853589e+01
-2.414752083541151251e+01
2.340025816458847885e+01
-9.390526835411435513e+00
8.523335516458854499e+01
2.361583816458852425e+01
1.161631401645885262e+02
-4.110980383541146921e+01
5.866541164588511492e+00
4.705355016458855744e+01
-2.829194783541146307e+01
2.324594716458852872e+01
-4.968110383541147712e+01
6.285787164588498399e+00
-2.958419483541149475e+01
6.504216164588513038e+00
1.239506316458852098e+01
6.704685416458852387e+01
3.991856116458853876e+01
-2.849536783541145724e+01
6.142678716458851795e+01
9.460883416458847250e+01
-1.632389383541146799e+01
1.111683031645885080e+02
-7.515258835411486871e+00
-1.817303835411451018e+00
7.229416316458855363e+01
-5.782343835411495547e+00
1.442438916458849008e+01
1.945015216458853047e+01
4.885081616458853659e+01
-6.073348808354114681e+02
8.364791645885247817e-01
2.737054116458853059e+01
-2.156410583541145343e+01
3.580069916458853641e+01
8.769898164588539657e+00
-2.295744783541147171e+01
3.469735516458854363e+01
6.569709164588516614e+00
-5.012758683541147775e+01
3.070879216458854444e+01
-8.218382835411489395e+00
-1.423328835411439286e+00
-2.359837835411497053e+00
2.992981516458854685e+01
-4.188282883541143065e+01
3.881341716458854307e+01
5.792649416458851874e+01
3.143902916458847585e+01
6.406457616458851589e+01
3.241808316458849504e+01
9.849435164588498992e+00
-3.357762483541142728e+01
4.584948816458853571e+01
1.589411716458852197e+01
-1.537976383541149517e+01
-8.288254835411464683e+00
4.020922516458853124e+01
-1.716140683541146927e+01
5.210460616458851746e+01
7.810257316458853438e+01
-1.845021583541148402e+01
-1.157416483541146590e+01
3.943520316458852903e+01
1.119312081645884973e+02
-3.036257883541145475e+01
4.811163316458851114e+01
6.828205516458854163e+01
-8.609783835411462860e+00
3.812284816458856085e+01
9.039341216458848294e+01
-1.386511983541146265e+01
1.198899191645885480e+02
4.238926164588519896e+00
-7.829187683541144338e+01
6.016308316458849959e+01
-3.474906483541150237e+01
-5.061665835411474745e+00
2.238701164588519532e+00
8.909632116458851669e+01
2.010435816458851832e+01
-1.638549083541147411e+01
2.184481516458851047e+01
3.098476116458851948e+01
-9.121363835411443688e+00
-8.875836835411462289e+00
-4.112645683541148856e+01
8.454511164588552674e+00
9.906545916458850343e+01
3.122137216458850162e+01
4.360139516458849585e+01
-7.888292835411448323e+00
-2.486248283541146975e+01
2.707352516458854552e+01
9.309480716458853067e+01
4.258738164588521613e+00
-2.783171683541149832e+01
2.435389716458854537e+01
2.510479016458850765e+01
2.125951716458854435e+01
-2.859420083541147051e+01
-1.675754583541151987e+01
3.735115316458853840e+01
-5.633914483541144591e+01
-7.181293835411509008e+00
-1.026767083541147940e+01
-1.766511883541147654e+01
1.333360616458850245e+01
-4.136081083541148473e+01
2.428713516458850563e+01
-2.381841683541148313e+01
-5.074544783541142579e+01
4.641230116458854127e+01
-2.590646383541144360e+01
5.795739916458853713e+01
4.131309416458856276e+01
4.623770916458852298e+01
2.544405616458851682e+01
-3.760494383541151819e+01
1.238442016458850503e+01
1.023134916458849375e+01
2.290873716458850140e+01
-5.185086383541147370e+01
-2.223995583541147880e+01
1.703018016458850070e+01
-1.902619883541149193e+01
-1.423797683541147308e+01
-4.638359583541148368e+01
-5.452821978354114663e+02
1.684205816458847949e+01
-4.416109383541152056e+01
-3.208355383541146466e+01
-4.395708083541148881e+01
-3.355350835411456956e+00
9.416275816458852432e+01
-4.347955835411482894e+00
-9.389821835411453321e+00
1.161129821645885158e+02
1.458604016458855313e+01
-2.410220835411507778e+00
-1.593649283541145678e+01
5.689023016458850179e+01
3.121781016458851354e+01
3.550645616458848508e+01
-6.071827835411454544e+00
-1.649555183541144743e+01
3.366093116458847589e+01
7.004959016458855103e+01
-2.563128683541145847e+01
-3.896421583541149403e+01
-2.383792783541150584e+01
3.026641164588511401e+00
1.081960816458848740e+01
1.750334164588537078e+00
-3.880892683541145516e+01
2.835428216458853967e+01
3.292320516458852353e+01
-1.344670835411477583e+00
-5.543739383541151255e+01
1.657468616458851329e+01
-6.596750983541147662e+01
-1.112718383541147205e+01
1.991945016458856799e+01
-5.092898283541148885e+01
-1.151642283541144707e+01
1.969468916458851027e+01
1.468164716458852581e+01
-1.071582683541146253e+01
-4.387919983541144120e+01
3.015205216458855375e+01
-4.011315983541146579e+01
3.348702916458847767e+01
-3.733970283541145818e+01
-2.604343083541147053e+01
4.301256164588494357e+00
-6.139975835411462413e+00
-2.236193783541148150e+01
1.155649416458851420e+01
2.419941216458852296e+01
-3.383700483541150561e+01
-2.845459983541144311e+01
-2.641423483541149153e+01
-5.848984983541146221e+01
1.261953516458851254e+01
-1.443103283541148585e+01
2.259409916458849921e+01
-7.089426835411472894e+00
-4.780597783541145418e+01
-7.316198835411455548e+00
2.456781216458853123e+01
5.815073164588568488e+00
2.156279616458851933e+01
4.508040516458851243e+01
2.213653916458849835e+01
-4.221097835411455890e+00
7.902524716458850662e+01
2.465762164588511496e+00
-7.794721835411451138e+00
-1.837814083541144328e+01
8.332998016458850543e+01
-5.852316368354114502e+02
-4.672614983541143374e+01
5.865348216458852448e+01
3.469257816458849675e+01
5.024707116458853307e+01
-5.299705835411486987e+00
-7.194830783541146957e+01
4.529700916458853044e+01
-9.731308835411482505e+00
5.202839716458851171e+01
6.109215316458852385e+01
4.366789216458852252e+01
4.508399116458849676e+01
9.670886164588523570e+00
7.665347164588524720e+00
-5.066123883541149553e+01
-3.575195983541146916e+01
1.670146516458851238e+01
9.771881645885400758e-01
-5.150522983541145550e+01
3.344092816458851303e+01
6.232092416458851858e+01
2.580514616458856381e+01
4.079252816458853204e+01
7.742929716458854728e+01
4.524849116458852905e+01
-1.564502583541150216e+01
-1.275130283541147946e+01
-3.210852383541146082e+01
1.007932616458850816e+01
1.951812716458852037e+01
-1.568585283541148101e+01
-1.500919683541150107e+01
8.760777916458852133e+01
9.511220164588507942e+00
6.404436164588560132e+00
4.858125616458852392e+01
3.051690916458852598e+01
-4.883411283541147441e+01
7.859201164588512256e+00
6.842474016458851338e+01
1.096729901645885548e+02
-3.591427783541149665e+01
-9.814090835411491298e+00
5.709895216458852474e+01
-3.063951683541148441e+01
-8.266113835411488253e+00
-5.000941835411481406e+00
4.534163916458851418e+01
-1.268509183541146967e+01
3.858473616458854849e+01
5.831177116458854925e+01
-2.208040835411452463e+00
6.842997164588496162e+00
6.246656716458852543e+01
-6.033168383541146795e+01
5.246364316458851818e+01
-1.537835783541146384e+01
-1.686139483541148820e+01
-4.237264835411508557e+00
2.411802916458850632e+01
5.955174016458852293e+01
-5.731219835411479835e+00
3.089730916458853471e+01
6.392822164588494616e+00
8.292283516458849135e+01
-1.662015583541148089e+01
6.274331316458852825e+01
-7.668636083541147741e+01
4.216602016458853086e+01
-6.387713883541147197e+01
-5.129888783541150588e+01
5.386238916458853510e+01
7.991170164588538682e+00
-6.119628835411447199e+00
-4.763815983541144305e+01
3.378382116458851669e+01
6.664034316458850071e+01
-1.307273783541148759e+01
-1.569605483541147350e+01
-2.377748883541147507e+01
4.300452016458854132e+01
2.808030816458852996e+01
4.288835416458852023e+01
1.036741816458851417e+01
1.088765016458853552e+01
3.223265616458849081e+01
3.593267164588553442e+00
1.636846916458853229e+01
-1.301791835411506781e+00
3.383664716458849853e+01
-5.310165683541146109e+01
2.584391516458850901e+01
5.918466716458851806e+01
-8.501904835411494332e+00
-3.909292835411463329e+00
4.271407716458855930e+01
6.299366816458854146e+01
-1.131548583541149355e+01
5.801659816458851537e+01
9.210409316458856210e+01
-4.324165835411463377e+00
2.986362916458847394e+01
4.385106316458853826e+01
8.050063616458851357e+01
-2.231535483541148324e+01
3.280130916458853108e+01
-7.300755835411450789e+00
1.056459816458851719e+01
2.821325316458853649e+01
7.542365164588545667e+00
4.134274316458851217e+01
2.865857116458852261e+01
-2.689157883541145111e+01
1.710657816458854086e+01
-3.976327483541143692e+01
-7.631670683541148037e+01
3.309721316458853835e+01
-5.685387783541148110e+01
8.104370164588544867e+00
-3.917414083541149239e+01
3.733956164588505544e+00
-4.002342835411468513e+00
6.105360164588489624e+00
-3.000710583541143706e+01
1.986729616458853798e+01
9.750040164588540392e+00
8.649923016458853908e+01
3.645904816458852338e+01
-1.211508383541149669e+01
-1.683591683541146722e+01
-5.407380783541145775e+01
3.386328716458848476e+01
1.667219016458852821e+01
-2.231287183541149943e+01
4.265391164588493211e+00
3.565095016458855071e+01
9.662678164588498930e+00
1.005527071645885258e+02
7.376886164588540851e+00
-5.564873518354114594e+02
1.430915216458856776e+01
4.061769164588554304e+00
3.329173164588553391e+00
-3.406246783541149625e+01
4.709664916458854123e+01
-7.543501835411461798e+00
3.191059616458852588e+01
-5.930073835411462824e+00
-3.020081883541149637e+01
3.828635616458848290e+01
-1.304544835411491022e+00
3.384593916458851481e+01
-2.460071383541145451e+01
-1.575692883541148603e+01
-2.005569783541147899e+01
-4.006612283541147690e+01
-7.353024835411474669e+00
-2.231575883541148642e+01
6.615234616458855044e+01
5.738225164588527605e+00
5.597841616458850922e+01
-5.624854838354115145e+02
5.261452616458853981e+01
1.334562016458852440e+01
2.130819816458853211e+01
-2.957177483541147467e+01
-1.448310683541149047e+01
3.925303016458855154e+01
-3.317809883541150384e+01
2.814035716458852221e+01
-2.992087983541148333e+01
3.281008716458853769e+01
-2.585058583541149346e+01
1.971999416458851329e+01
-3.367141883541148673e+01
3.175846164588563170e+00
-5.366763283541143892e+01
2.262259516458851749e+01
2.417869916458852231e+01
-3.807494483541148611e+01
1.777350316458853285e+01
9.934210164588535008e+00
3.028457164588530759e+00
5.351681716458853089e+01
-1.859803083541146407e+01
-1.921956583541145847e+01
1.141816916458856213e+01
1.035387241645885297e+02
1.256327041645885174e+02
-7.965735383541147030e+01
1.242258116458850736e+01
2.509329164588507410e+00
8.566807916458850514e+01
5.238079616458855980e+01
1.303064316458852545e+01
-5.385499783541143870e+01
-1.843090583541146543e+01
8.152989316458854319e+01
4.155628116458848353e+01
-2.974475383541147266e+01
-2.677496983541146847e+01
2.330103816458853316e+01
1.063901661645884928e+02
1.812635016458852988e+01
-1.995034835411445329e+00
1.090519316458852472e+01
6.521705316458854895e+01
6.923941216458848658e+01
2.167715816458849076e+01
-3.030927183541149361e+01
-3.180695783541148103e+01
1.062894716458851008e+01
-6.049845728354114271e+02
-1.249878835411436739e+00
-5.368571835411501070e+00
-1.024854583541150532e+01
6.415503116458847899e+01
1.260661841645884920e+02
-4.861481583541149121e+01
4.058713516458851700e+01
-1.516586883541151565e+01
2.425920916458852616e+01
-5.500279008354115149e+02
-1.917673483541148016e+01
4.574650716458853594e+01
-7.456259483541145983e+01
2.275883016458851671e+01
3.848331016458848808e+01
-2.487868835411518376e+00
5.446034416458854821e+01
-7.510586283541147168e+01
-5.675355018354114236e+02
9.974267164588525247e+00
-1.832326983541145182e+01
1.916141164588509582e+00
-1.385522783541148328e+01
-5.908862683541144634e+01
-4.185903483541147807e+01
-8.574750835411464323e+00
6.622095716458852621e+01
2.479021716458851188e+01
6.248829616458851888e+01
2.225513916458851327e+01
-3.873549483541148675e+01
-1.418374883541144982e+01
1.082189164588498898e+00
1.721681164588517277e+00
1.994926816458848862e+01
-2.833157783541150820e+01
-3.650528783541147959e+01
-3.086867183541147597e+01
-4.937833835411481687e+00
4.250647164588542637e+00
1.792022116458855407e+01
9.906747164588523447e+00
5.428870816458851323e+01
-6.168852283541144743e+01
3.076486216458852141e+01
2.372632916458849195e+01
-3.286563883541145970e+01
5.925449716458854255e+01
7.373087164588525866e+00
-1.420236835411458287e+00
7.180031645885378566e-01
3.651072916458849704e+01
-8.896474835411481763e+00
-3.476054835411503063e+00
2.521152016458853495e+01
-1.963039883541148356e+01
2.367676416458851918e+01
1.050479816458852156e+01
1.589277716458855139e+01
6.885333816458853562e+01
-1.385871835411478514e+00
-1.338261283541146440e+01
-2.148282183541147106e+01
6.420396916458855685e+01
9.549537916458848485e+01
-1.765094583541150541e+01
1.589804816458854475e+01
1.286187116458853552e+01
3.199560116458854964e+01
-1.555906835411462907e+00
2.620779316458850872e+01
5.404046816458850344e+01
3.138478616458854731e+01
-1.422930683541147800e+01
5.850938716458853150e+01
8.765537164588522501e+00
1.019751361645885481e+02
5.607703616458854867e+01
2.845807816458852813e+01
2.072342416458849357e+01
1.889594216458851861e+01
1.588703164588537220e+00
-1.570361683541148068e+01
-1.562866283541148960e+01
-8.166448183541149319e+01
-3.110210483541146687e+01
-5.664077835411490014e+00
-1.127052083541150296e+01
1.489559216458854962e+01
-5.733477148354114661e+02
1.885939216458854162e+01
-5.316256883541149136e+01
-4.670922835411431606e+00
-2.749027183541147679e+01
1.120633111645885265e+02
5.728509216458854780e+01
3.244906716458854135e+01
-1.070902683541146416e+01
2.380311164588533757e+00
-5.840362478354114728e+02
2.962160316458852094e+01
-5.235613478354114250e+02
9.924636164588548581e+00
1.343354291645885041e+02
2.293188616458854767e+01
1.154972216458850198e+01
2.558635516458855363e+01
6.981234316458852618e+01
2.159108164588531054e+00
3.010954516458849639e+01
8.788971016458856411e+01
7.577705616458848681e+01
1.393054616458852024e+01
-1.422848383541150952e+01
4.226528116458848672e+01
-2.615399383541148381e+01
-1.639839783541145835e+01
3.213234816458856358e+01
-4.990480283541148765e+01
-7.080555083541145223e+01
1.755875016458855953e+01
4.876468116458852364e+01
1.485391616458849740e+01
1.117471645885075304e-01
1.840891716458855853e+01
3.658024116458852859e+01
-4.210146983541147847e+01
-4.918160583541146025e+01
-2.039697783541146237e+01
-5.811879283541145469e+01
2.988924216458855199e+01
2.453181164588499996e+00
2.861493416458853289e+01
-2.457215483541148160e+01
-6.982894835411457279e+00
-3.014024983541145275e+01
-2.368770683541146127e+01
5.246931316458852734e+01
3.260754716458853864e+01
-2.054545983541146370e+01
6.531640164588509379e+00
-2.742108354115089242e-01
1.789352516458853870e+01
3.386175616458848481e+01
-7.661177835411479009e+00
-6.067285683541149410e+01
7.842289816458855967e+01
-2.308118683541147220e+01
-1.569739083541145419e+01
6.975003316458850122e+01
-4.721588354115056063e-01
5.567986116458854440e+01
9.929251164588549727e+00
4.043119016458854276e+01
-5.396049083541146274e+01
9.434917116458848341e+01
3.572909516458850021e+01
1.699329216458852443e+01
7.420887616458850289e+01
5.990564716458851535e+01
3.298310716458854586e+01
5.373332416458850957e+01
-9.471160835411467360e+00
-3.764804483541149693e+01
4.025123016458854863e+01
3.216712816458851876e+01
-2.955835483541147823e+01
-7.309306183541144719e+01
4.766590816458852942e+01
6.390760164588527914e+00
4.108411516458852475e+01
1.504816216458851841e+01
-8.298650835411478965e+00
-5.404721835411464781e+00
1.233494416458853493e+01
-3.396641583541145337e+01
-6.416346683541149787e+01
1.231973731645885550e+02
-5.650210583541144160e+01
5.518327416458851076e+01
-3.309640983541146397e+01
1.013249316458853855e+01
1.391992071645885289e+02
2.304106216458848166e+01
5.202931416458852709e+01
2.872901645885121980e-01
3.410366216458851341e+01
-5.119679835411488966e+00
-5.418598835411501113e+00
7.021131716458853589e+01
9.088092216458858275e+01
3.249108016458853854e+01
-3.462439183541147258e+01
6.008149164588530766e+00
-3.636861183541145692e+01
-3.271189783541143470e+01
2.388229816458851928e+01
4.434631316458853689e+01
-1.943523783541149896e+01
-4.227508354114775102e-01
5.238342316458852110e+01
4.269711645885649887e-01
-1.255989483541145546e+01
4.594997116458853270e+01
2.127230716458853976e+01
6.431521916458854093e+01
1.152230416458849049e+01
3.857958016458854900e+01
6.417879916458849721e+01
2.124845816458849868e+01
1.346326016458851882e+01
1.753893416458851107e+01
2.083915716458852785e+01
-9.589058183541149560e+01
-5.589455083541145086e+01
-7.924444083541146711e+01
-3.048163283541146029e+01
3.036288164588540894e+00
2.864113916458853737e+01
1.069433516458849454e+01
1.669859816458853174e+01
3.953375116458852290e+01
2.288014516458849812e+01
5.242281216458849258e+01
8.585569216458856090e+01
2.233569116458852477e+01
-2.450233383541149124e+01
-3.684226835411436696e+00
-1.364404483541147783e+01
-5.259873835411497112e+00
-2.395045083541145914e+01
5.329787916458849395e+01
-5.871369648354115043e+02
-2.198086083541147673e+01
3.511876116458853403e+01
-9.151755835411449880e+00
4.240182616458849907e+01
-3.176462783541148838e+01
2.471639016458851756e+01
-1.008368198354114611e+02
3.839254164588510321e+00
9.356169016458852639e+01
-1.373195583541144060e+01
-3.200547835411441611e+00
6.285504616458854343e+01
-2.329105583541144142e+01
1.211143916458848935e+01
2.969331716458856363e+01
-1.849749883541147710e+01
3.297809016458853648e+01
-6.988836835411461834e+00
-4.000071835411461052e+00
2.842754516458853686e+01
-2.211795883541151397e+01
1.991635016458855034e+01
3.206179916458853540e+01
2.302086816458853491e+01
-4.418764835411479908e+00
-6.634396835411450866e+00
3.865233416458852389e+01
-2.128013183541150966e+01
-1.826411583541147365e+01
5.367053164588526215e+00
1.599348116458850200e+01
-3.870641835411504417e+00
-3.197625283541145791e+01
-4.750838783541149724e+01
-3.350604183541150860e+01
-2.341590583541147907e+01
-1.225591683541148313e+01
1.287236716458852470e+01
-1.461326783541147734e+01
-5.126442583541148679e+01
5.096476164588523261e+00
1.894550616458849390e+01
3.926897716458853438e+01
-5.636584583541150550e+01
4.168800116458851335e+01
7.122832416458851412e+01
8.890682516458849705e+01
3.198195416458850104e+01
1.085860416458848476e+01
8.124100164588526241e+00
3.215811216458848776e+01
-1.716931083541146563e+01
-3.889819283541146433e+01
5.027739164588524545e+00
1.097934541645885247e+02
5.971191416458850654e+01
-3.432497183541147479e+01
4.361311216458852869e+01
5.834195816458850459e+01
6.071116216458852932e+01
-1.543400883541147550e+01
2.416274716458849525e+01
-3.537024983541147094e+01
5.760712716458851901e+01
-4.040122883541147303e+01
5.701083016458852626e+01
-2.644426483541150219e+01
1.080336116458852302e+01
-7.823768683541146629e+01
2.952677516458857099e+01
2.854766164588511401e+00
5.522020316458849720e+01
3.713870516458854354e+01
-4.055515835411483749e+00
2.249888316458850568e+01
2.446618916458851345e+01
3.196175316458851512e+01
-8.579924835411475215e+00
-4.198698683541147147e+01
6.353426164588540814e+00
3.282843116458849408e+01
-2.172915483541146386e+01
-6.087978983541148637e+01
8.763134716458858975e+01
1.147962716458852128e+01
-5.348558983541147427e+01
-2.045142083541151123e+01
1.064496741645885436e+02
-5.519807583541148688e+01
-3.368002583541147033e+01
-4.412915783541149040e+01
-1.273927083541150296e+01
-7.950628354114996910e-01
1.411305416458850459e+01
3.419065516458852017e+01
-1.136057683541145025e+01
5.636749164588536587e+00
-2.871068083541143778e+01
7.210946716458852279e+01
-2.227726183541147975e+01
5.618285416458849113e+01
-6.550128583541146554e+01
-6.330421835411470965e+00
5.349723116458852701e+01
-4.935789888354114510e+02
1.154024164588520307e+00
1.916845616458851964e+01
1.110403916458852791e+01
9.193832116458850123e+01
3.218450916458851907e+01
5.376930316458850712e+01
-1.452260483541147096e+01
3.064929916458851267e+01
1.144234164588510794e+00
2.140307116458853898e+01
3.413177016458854496e+01
-5.695088183541150784e+01
7.399531164588495358e+00
5.203207416458849366e+01
-3.028787983541150197e+01
4.797457116458855353e+01
-7.138928583541149919e+01
-2.836568835411469536e+00
-2.819097983541149688e+01
-1.927680883541148660e+01
5.534408916458852445e+01
-5.275890783541143492e+01
-8.278700983541145320e+01
-5.378672783541145463e+01
8.077219016458855094e+01
6.474767164588513424e+00
1.854410716458852448e+01
9.890993016458850207e+01
6.292333316458848458e+01
-3.070540883541150379e+01
2.246840316458855114e+01
-2.643491083541147191e+01
9.370802216458855582e+01
1.000984216458851961e+01
-3.603097283541143270e+01
6.896911645885097641e-01
4.018432516458852888e+01
2.200513416458852589e+01
-6.223983541150346355e-02
-4.625768354114825343e-01
6.465303116458852628e+01
1.368963016458855009e+01
-1.136707183541147970e+01
5.424468416458853426e+01
1.127136916458852056e+01
2.066474016458852248e+01
8.474270816458852096e+01
-6.472420835411526241e+00
2.573383616458852430e+01
-6.477899283541148634e+01
9.210855216458855921e+01
7.546147116458854498e+01
-7.484891835411474403e+00
-2.457196883541149646e+01
3.268897416458850103e+01
-9.119938354115220136e-01
-5.525445835411517237e+00
1.821927164588544201e+00
-5.982871983541144800e+01
1.105568164588532909e+00
-5.471568354114992871e-01
-1.606220883541146804e+01
-5.254290383541143683e+01
2.343847416458851285e+01
-1.263357883541146975e+01
5.085915216458852228e+01
3.544738216458853231e+01
1.778372616458852917e+01
8.444287164588502037e+00
7.198221316458852925e+01
3.029774616458854553e+01
6.299353716458853114e+01
8.835727216458855082e+01
1.870498216458850038e+01
3.772077616458852845e+01
7.198132716458854929e+01
1.959028316458852714e+01
5.799817316458853611e+01
2.119119916458851094e+01
6.299072416458852786e+01
-3.773059283541147124e+01
3.083167816458853849e+01
4.367949016458851474e+01
3.677812116458852643e+01
1.476480616458849227e+01
9.299082216458856465e+01
6.412030816458849358e+01
-7.169376683541150896e+01
7.697198916458853546e+01
-5.195524583541151742e+01
-3.393947483541143129e+01
-4.544799483541146401e+01
6.342555616458849954e+01
3.383588216458855413e+01
2.199586116458851848e+01
-5.071938683541145565e+01
5.324439216458853252e+01
-6.141775835411465323e+00
5.353951516458852211e+01
7.610135116458855009e+01
5.569698716458850640e+01
-2.872171583541148721e+01
-2.986075583541145306e+01
1.146611591645884687e+02
2.573066616458851286e+01
1.902965416458852133e+01
7.797346816458849617e+01
6.243780516458855345e+01
1.006675164588557436e+00
-1.707535583541147162e+01
-9.508499835411441836e+00
2.284163216458853185e+01
1.481940164588536391e+00
1.197756216458850531e+01
5.666628916458853382e+01
6.067280164588510161e+00
-6.685395835411497956e+00
2.941196016458849272e+01
-1.723562883541143265e+01
-7.531369783541146035e+01
-1.168813783541150997e+01
-2.999673083541148344e+01
4.880374016458853248e+01
-7.745238354114576396e-01
5.206826164588505890e+00
-2.629191383541149207e+01
-3.639918583541151520e+01
-7.898708783541150069e+01
-2.997435383541147758e+01
-5.830343208354115632e+02
5.559552616458853436e+01
2.571465316458852612e+01
-2.886013683541148112e+01
5.581512164588502856e+00
-1.006892083541151806e+01
-6.504559383541152329e+01
-3.366490835411468652e+00
-7.677198883541146301e+01
8.486442716458856239e+01
6.596834716458852199e+01
4.478545616458848144e+01
-1.215598183541146682e+01
4.269864164588511812e+00
-3.946337683541145225e+01
3.657937616458849561e+01
3.960471645885377256e-01
2.576877116458854289e+01
-1.515837083541151742e+01
4.279545516458853172e+01
2.636723916458851136e+01
-3.662851383541146788e+01
-2.614477583541145123e+01
5.964702416458851530e+01
2.297340916458853144e+01
-2.919140683541149883e+01
8.202819164588561307e+00
6.740152016458853268e+01
5.972796316458851607e+01
-8.895022835411452888e+00
1.885576516458854712e+01
-5.673908883541145087e+01
-6.626931183541148584e+01
4.217241716458852352e+01
7.949201645885182188e-01
1.872524016458851293e+01
-2.103145283541147137e+01
8.950973216458851311e+01
8.303947816458850184e+01
2.024460016458851896e+01
1.208379416458853939e+01
5.578619416458855085e+01
-1.829959583541148049e+01
5.684218416458850243e+01
4.936279616458853070e+01
6.123354164588477033e+00
2.624943216458854067e+01
-8.965719835411448457e+00
1.870445416458852606e+01
-5.191324683541148488e+01
-7.422145283541146910e+01
-4.081528583541148691e+01
-3.554218283541143819e+01
-4.557330835411448788e+00
5.213959216458852097e+01
-9.945490835411476382e+00
-4.207988835411470063e+00
-1.506393783541147968e+01
4.015537216458852754e+01
-8.524559835411480435e+00
4.312800616458849845e+01
-5.488753728354114401e+02
5.562729116458854151e+01
-4.066214835411471995e+00
8.216995164588524858e+00
4.373120116458852635e+01
2.433392016458850549e+01
-5.090737378354114639e+02
4.029938816458854944e+01
-6.264218835411497821e+00
4.540862916458848986e+01
-6.980568354114780050e-01
5.890209516458850203e+01
-1.505912083541147695e+01
-3.984394583541148904e+01
7.985712164588505857e+00
8.591501645885273319e-01
-2.460935783541145838e+01
-2.195801483541151811e+01
-3.398235983541144378e+01
2.103372016458854432e+01
7.302895164588505850e+00
-7.856542835411460146e+00
4.189069116458853159e+01
2.733196016458850863e+01
2.228188216458852366e+01
-4.749934183541148514e+01
-3.367052683541146507e+01
2.056484716458851381e+01
1.426020616458851009e+01
7.126380516458851844e+01
5.523620216458851928e+01
-5.950977618354114611e+02
-3.274178354114951617e-01
