-8.566246510574481476e+01
3.681415289425518722e+01
1.070534828942551826e+02
1.381246189425519333e+01
2.118275889425518699e+01
2.581048689425517750e+01
8.957562589425515398e+01
-5.932369010574478807e+01
-1.205070410574484185e+01
4.560491589425521397e+01
6.636913189425519022e+01
1.679851788942551707e+02
4.905834189425519298e+01
1.123645389425519170e+01
-2.362945510574479613e+01
5.921107089425515824e+01
-6.857998310574481593e+01
-5.655688110574482153e+01
4.041527989425520673e+01
-5.852611031057448372e+02
1.806852089425518670e+01
2.355547389425521487e+01
7.280321689425517206e+01
-8.116032710574481257e+01
-7.131226110574482391e+01
-9.189857810574480368e+01
-3.622519210574478166e+01
5.732547989425523838e+01
-2.147919710574478813e+01
2.220497789425519386e+01
2.623672089425519971e+01
-9.511005110574478749e+01
8.618206289425518207e+01
-9.672982710574481757e+01
5.239164989425518115e+01
1.154975618942551705e+02
-6.236094110574481419e+01
-5.686854910574481892e+01
-5.112469210574482759e+01
-5.689063910574481042e+01
-4.223186310574482150e+01
-1.997754410574481199e+01
-1.360833210574480745e+01
-7.678787010574478700e+01
-3.465158810574479276e+01
-5.689198451057447983e+02
-5.564957210574476676e+01
7.236229989425515896e+01
-5.269886310574480603e+01
-6.907853810574482623e+01
2.470771389425522102e+01
5.324821189425517787e+01
1.202594188942552478e+02
-1.466807105744805995e+00
-3.000856610574481920e+01
-1.541394710574479632e+01
4.349827894255213323e+00
1.604124638942551542e+02
1.635293789425514888e+01
8.082246989425522088e+01
1.140611338942551924e+02
-1.322314910574476698e+01
-8.711820310574478299e+01
6.917911989425522279e+01
8.399332589425523565e+01
7.972853689425517132e+01
-5.091043910574484244e+01
4.019929389425516320e+01
3.004182489425517133e+01
-2.499224810574480671e+01
4.553033989425517802e+01
3.028696894255176630e+00
1.309355689425518676e+01
-4.997165010574479993e+01
2.280601789425520565e+01
1.444674589425517297e+01
-1.072931710574482622e+01
1.395675894255191452e+00
-8.442142510574481662e+01
-1.547879310574478495e+01
-3.380944710574476630e+01
2.261704889425521969e+01
5.609211689425518443e+01
4.821132589425519654e+01
5.201021289425517580e+01
1.125350868942551870e+02
-2.643451010574483462e+01
2.080443189425523087e+01
-5.569100510574480722e+01
-1.202339701057447883e+02
3.354730789425519788e+01
-5.196641105744845390e+00
-1.601898410574477793e+01
1.040732518942552360e+02
-3.432606105744810066e+00
1.047993698942552214e+02
3.512167289425519812e+01
-6.227610105744815883e+00
-1.988359105744791577e+00
-4.215160210574481425e+01
-1.117562041057448141e+02
-1.761175710574480036e+01
-5.273199010574478507e+01
-4.044440810574479883e+01
-3.566660110574480314e+01
3.930302389425520460e+01
9.258645689425520686e+01
1.678212789425521123e+01
-2.427949710574478104e+01
1.624561089425515092e+01
-7.206713410574479894e+01
-4.457163110574481379e+01
-6.771857010574478863e+01
-4.348383910574483480e+01
-3.837759810574482344e+01
-2.703524410574482317e+01
-4.683334810574478979e+01
1.307410388942551549e+02
3.775786689425518716e+01
-4.925165310574482191e+01
-9.941806105744831257e+00
3.471491889425516320e+01
9.766371089425518903e+01
-2.685523510574483907e+01
-6.138226110574481709e+01
1.717665789425518597e+01
-7.282845410574481093e+01
4.253801089425519422e+01
5.266640789425520097e+01
4.446830189425520530e+01
-2.468385010574479566e+01
5.330714389425520494e+01
1.223136789425518600e+01
9.840686989425518050e+01
-5.700652010574481210e+01
1.074694828942551794e+02
-1.421955210574481043e+01
6.882827889425516332e+01
3.554753489425519319e+01
-3.282341310574480531e+01
8.374049589425516160e+01
4.450145589425517301e+01
6.051688889425520301e+01
-3.601740610574483981e+01
-4.563804610574482012e+01
-4.265664110574482493e+01
-9.055083010574480795e+01
2.948870389425519534e+01
-4.196434810574481844e+01
-1.230012510574482576e+01
-9.846116105744840752e+00
4.834480189425516983e+01
4.692739089425521115e+01
2.532181289425517434e+01
1.963249189425516761e+01
-4.861118710574481838e+01
-4.993211710574479412e+01
3.163299489425520505e+01
4.424212489425519834e+01
3.629699289425519737e+01
-7.383199310574480023e+01
6.035177789425523542e+01
6.403783894255184350e+00
-9.595698105744816075e+00
-9.371726710574480990e+01
7.714188589425515374e+01
4.653608489425516836e+01
-4.790334910574478045e+01
8.381347894255156916e+00
3.734845889425514542e+01
-3.186190710574481955e+01
2.364973089425518538e+01
-2.464333210574477562e+01
-2.975669510574476817e+01
5.625533189425522096e+01
4.004287189425519955e+01
-4.754906210574483794e+01
-4.122011010574482270e+01
-8.858747610574479836e+01
2.383061189425518478e+01
1.230444489425519805e+01
-2.053895910574482286e+01
7.682569489425520715e+01
-2.753917110574479921e+01
-1.594550810574480693e+01
8.024342689425520803e+01
4.964937894255172068e+00
4.630009289425521501e+01
-4.193873510574479724e+01
6.872448942552296103e-01
7.686319689425522483e+01
-2.377739510574480164e+01
7.797801289425518689e+01
-8.246741610574483161e+01
2.637232589425519791e+01
-5.752884110574484566e+01
-5.594753531057448299e+02
-3.570586110574481609e+01
-9.751942105744831224e+00
9.660501789425512698e+01
8.981803989425520740e+01
-1.482847410574481728e+01
6.648343789425518935e+01
9.981719894255206782e+00
-3.234077010574480937e+01
7.946250894255229014e+00
7.922223589425516366e+01
-7.518517105744820128e+00
4.986823389425518371e+01
9.131363689425518260e+01
-3.126436410574484626e+01
4.781592894255197734e+00
1.014394948942551764e+02
-8.384269310574478595e+01
6.583332889425520307e+01
-3.398633010574479840e+01
-1.913748010574477121e+01
-1.557511010574484089e+01
4.288885589425518674e+01
3.734352189425521829e+01
-3.018600510574481177e+01
-4.946356281057447859e+02
8.079575189425520421e+01
-1.618169010574479216e+01
-1.980847410574477863e+01
7.047006589425518541e+01
-5.212588010574478403e+01
-2.936779610574478738e+01
-2.668504710574478622e+01
-7.793228110574483480e+01
6.126608789425517898e+01
-1.825252110574479048e+01
5.308180089425519554e+01
4.148423894255188316e+00
-7.652416710574482295e+01
5.596149489425522461e+01
-2.035349010574481099e+01
-5.141265110574477148e+01
-2.928360105744843622e+00
-2.247892310574479779e+01
5.337919889425518249e+01
1.847316289425515379e+01
6.855246489425519485e+01
1.857988689425519624e+01
4.593285489425522883e+01
-5.217241057447949970e-01
-1.425879210574481704e+01
-5.050788771057448230e+02
6.992516489425514692e+01
1.857818942552285080e-01
8.783789894255164654e+00
1.512056789425520265e+01
-1.417200710574479672e+01
3.490793189425522769e+01
7.936130889425515988e+01
-1.460603111057448018e+02
-5.511938210574481900e+01
-5.663590510574482551e+01
1.914050889425516289e+01
3.794629389425517729e+01
1.897903289425516959e+01
3.737839189425517361e+01
4.942710389425519679e+01
2.474135289425521478e+01
3.591036894255182688e+00
-1.158788491057447914e+02
-8.548753810574481804e+01
8.152275889425516198e+01
3.810973889425520156e+01
9.923282989425518963e+01
-5.280550810574482057e+01
6.540466189425518451e+01
1.275825489425523074e+01
6.488559689425522947e+01
-1.534839710574476612e+01
4.295014589425517215e+01
6.891905789425521789e+01
-3.052533010574478567e+01
7.772193789425517707e+01
1.662987389425518359e+01
-3.600498810574481467e+01
6.124331089425515984e+01
1.651724089425522379e+01
-7.257227105744846085e+00
-9.061403105744773256e+00
2.694780389425517342e+01
7.075389894255181389e+00
-4.242924710574476421e+01
-2.466813110574480561e+01
9.936292789425522187e+01
4.848082089425520280e+01
-5.889460610574479915e+01
-8.808663105744813038e+00
4.428085189425519275e+01
3.453023894255181858e+00
-3.326112010574479427e+01
-1.168100910574480622e+01
-1.207084851057448134e+02
-7.899333510574481920e+01
-5.114319510574478045e+01
-6.442959105744819226e+00
3.909243989425516475e+01
3.767948289425521580e+01
3.731171889425519339e+01
-7.268835010574480293e+01
1.435751089425514238e+01
-7.145810010574479065e+01
8.195441889425518411e+01
-7.325631610574481556e+01
8.542464894255147101e+00
1.303920448942552071e+02
-1.762449610574481085e+01
2.873523089425520993e+01
3.674907889425520580e+01
-4.384717910574482858e+01
-5.958962810574479363e+01
2.714426189425518032e+01
1.561021089425514674e+01
2.316837589425523447e+01
1.566790894255177591e+00
4.895733289425521662e+01
9.193140289425519995e+01
2.865121489425519030e+01
2.630224289425518691e+01
2.093235289425518886e+01
-1.047031751057448048e+02
-1.275634510574479918e+01
6.088841989425520751e+01
9.367945894255171879e+00
5.003067989425522910e+01
8.518812389425522724e+01
5.208467189425522292e+01
5.064134089425522234e+01
-3.955641057448247011e-01
4.550200189425515873e+01
2.298117489425516169e+01
-3.405541910574481790e+01
1.908000489425523938e+01
2.648564489425518786e+01
4.559544789425518729e+01
2.527036289425518589e+01
5.277657489425519088e+01
6.694316894255166517e+00
-5.643637010574479973e+01
1.073206889425517829e+01
5.803326089425519285e+01
-3.077813105744780842e+00
-5.750869541057447805e+02
6.879513789425516279e+01
6.175525989425517537e+01
2.323102689425519429e+01
8.693286894255209063e+00
4.098559989425518779e+01
1.650548089425518583e+01
1.540907118942552074e+02
3.778467989425519136e+01
3.654248089425516355e+01
2.596468289425519060e+01
2.312903389425514433e+01
-5.552908941057447691e+02
-5.427429105744806748e+00
5.138655489425519818e+01
1.328098589425519549e+01
6.874838589425519331e+01
9.591289689425514098e+01
-1.311615610574483526e+01
-4.883598105744795248e+00
7.200669989425517770e+01
6.186475989425520083e+01
-1.112893661057448185e+02
-3.784520310574481528e+01
-1.310778610574482173e+01
4.159869894255223244e+00
5.994644889425518386e+01
1.906128089425516237e+01
2.700995489425520191e+01
8.526940789425520961e+01
3.808896389425518691e+01
9.104745989425515518e+01
4.353675894255218282e+00
3.289863889425521393e+01
-5.979110961057448321e+02
-7.556148810574478603e+01
6.090512889425519916e+01
9.120595389425517396e+01
3.414348894255226696e+00
5.844501589425522070e+01
8.498012289425520294e+01
6.676987889425521416e+01
1.148715289425518904e+01
-6.269755310574481655e+01
9.982138894255172090e+00
-6.129982810574477980e+01
-4.689474510574478927e+01
4.974388389425519108e+01
-1.060762231057448162e+02
-2.860460410574484058e+01
6.455835389425516269e+01
-1.711384010574482772e+01
-5.061950105744813300e+00
1.042399428942551367e+02
-4.870735610574485008e+01
4.367050289425520759e+01
-4.837859110574481747e+01
2.932052689425518111e+01
-8.888047510574480725e+01
-1.958928810574479940e+01
-1.669194210574482895e+01
-4.027284310574481196e+01
-8.647153310574481111e+01
-5.183537210574479559e+01
8.019249589425515978e+01
7.323256889425516647e+01
4.073942289425519903e+01
5.392215889425517616e+01
6.880216894255170246e+00
-5.165065410574482030e+01
7.462157389425522069e+01
-2.437844110574485512e+01
-4.368648105744796339e+00
-3.426813910574480815e+01
1.372932789425522060e+01
-2.269727810574477189e+01
3.421696689425516524e+01
-2.097650910574481031e+01
3.618366089425518339e+01
7.643159589425516742e+01
6.966854789425519812e+01
4.575229489425521479e+01
1.009269789425519548e+01
-2.134668710574482020e+01
1.482508038942551707e+02
-3.996131710574479712e+01
-2.378607710574482326e+01
5.077752889425516969e+01
-6.416727210574481433e+01
5.458234989425517369e+01
9.115650289425519759e+01
2.345886489425515720e+01
-8.554491210574482807e+01
-1.153855105744810317e+00
9.578031389425512998e+01
-2.387716410574483916e+01
-2.365654105744795288e+00
-3.608102010574481255e+01
-5.396955910574479276e+01
-4.413975310574477362e+01
-5.696718510574481797e+01
-1.430767191057448144e+02
8.199834789425517556e+01
1.236118458942551683e+02
5.394700789425519361e+01
-1.668581810574477231e+01
-9.787900710574479035e+01
-3.021739310574480442e+01
1.246748488942552058e+02
6.939254389425519776e+01
1.051726358942552224e+02
7.537025089425520719e+01
4.063663489425516673e+01
6.031743894255157556e+00
2.480493089425516473e+01
7.922298189425521286e+01
-4.092888810574481795e+01
-2.493272010574480646e+01
2.324578889425521311e+01
-9.858283105744817476e+00
-9.227907510574482330e+01
-1.323384131057447917e+02
2.205718089425516837e+01
-2.497887810574479772e+01
-1.566089610574482549e+01
9.020862989425518208e+01
-3.405257210574478677e+01
-4.390846510574482409e+01
-2.321413710574483957e+01
-9.912558410574479240e+01
-5.327129271057448250e+02
-1.615425110574477685e+01
-8.771479110574483684e+01
3.774490389425517378e+01
2.613918689425520370e+01
4.195426189425518260e+01
-8.278657610574478554e+01
-1.300409941057448009e+02
-6.316600105744839766e+00
5.170994489425521579e+01
-2.713247210574479595e+01
-4.683300510574480313e+01
2.126713589425514783e+01
-2.170720610574483089e+01
-1.478039105744812787e+00
-5.153805610574482898e+01
-5.679747910574479874e+01
-1.697692310574478824e+01
-1.477388610574479344e+01
4.008595589425516437e+01
6.243767894255199735e+00
8.870007689425523267e+01
-1.694897310574481253e+01
5.273086489425514856e+01
-7.394970010574479602e+01
4.935480289425521505e+01
-3.345639710574477022e+01
3.713856889425517238e+01
-1.261987941057448097e+02
4.609473789425516088e+01
-9.042846105744786200e+00
-8.537914105744846438e+00
3.584281989425522852e+01
-1.690490610574482844e+01
3.043938289425517496e+01
6.504932589425521883e+01
-1.995322810574481309e+01
-7.265144310574476094e+01
-1.283409001057448222e+02
-1.683733710574483666e+01
4.980787689425517328e+01
-1.895027310574482726e+01
7.433517089425515678e+01
-1.380258210574481836e+01
-7.342402910574480757e+01
-5.226340510574482323e+01
8.154049389425517802e+01
8.062811189425519842e+01
-8.049111310574480171e+01
-3.769093910574480333e+01
-2.663945710574478198e+01
1.050428418942551616e+02
-5.704757610574478122e+01
1.901807589425521883e+01
-1.170721891057448261e+02
4.366504389425517729e+01
-7.744507510574482012e+01
1.230279689425520928e+01
-1.769186210574480356e+01
6.844284489425518814e+01
1.225098018942552471e+02
1.114425894255191452e+00
1.292193889425522002e+01
-1.453454810574481826e+01
-6.727761210574482220e+01
7.592047989425520882e+01
-3.586755510574477057e+01
1.669468489425520374e+01
-1.075586510574481736e+01
4.558899289425522738e+01
2.402810989425518073e+01
7.176281689425519517e+01
-5.734710710574478298e+01
5.747995189425517992e+01
4.100965894255182320e+00
5.105767889425516159e+01
-3.952331105744804063e+00
-2.151791010574481788e+01
-2.092635510574478985e+01
-7.116215210574483763e+01
3.877281289425519617e+01
7.693257289425520185e+01
-1.682187410574476871e+01
-2.240924105744795725e+00
1.214291918942551547e+02
-5.585143211057447843e+02
-6.067575501057448264e+02
6.297713789425517916e+01
8.537989589425518488e+01
-9.752871410574482525e+01
3.627509489425517586e+01
7.169417089425519407e+01
-1.053009810574479843e+01
-2.853723010574481123e+01
6.646490889425518844e+01
2.230866089425518339e+01
-7.626163010574481405e+01
-4.567978010574478276e+01
3.287622989425523201e+01
1.214891178942551733e+02
-4.890773210574479890e+01
2.544624889425523406e+01
4.469102389425518140e+01
-7.477113510574480415e+01
4.866376589425522070e+01
9.896691894255184252e+00
-3.208693310574483348e+01
-1.093898831057448149e+02
-6.064244105744819535e+00
-9.586005110574478749e+01
7.216615489425521446e+01
-1.701655710574482328e+01
9.944003689425517223e+01
-2.647424010574479780e+01
-2.795171010574483716e+01
-1.180242710574481180e+01
4.863780789425521789e+01
3.648519789425517956e+01
2.166984389425516611e+01
-5.210410574483148594e-02
-9.609373310574483185e+01
-5.207467610574479977e+01
2.585781689425516561e+01
2.442768942551651890e-01
-4.816789510574477617e+01
1.160379078942551700e+02
-1.346263410574482577e+01
-9.657907010574479045e+01
8.920785489425514925e+01
4.383381389425517227e+01
1.591351894255183197e+00
-3.916612710574480616e+01
5.513546089425517494e+01
-3.124268010574479604e+01
-7.009011710574480958e+01
6.129056389425517182e+01
2.429251894255173738e+00
-8.306760910574479340e+01
4.811040089425523547e+01
3.387265089425523001e+01
-6.869816410574480869e+01
-2.334385410574481057e+01
-2.460393510574482434e+01
5.321670289425520650e+01
2.063860489425519518e+01
5.257832894255216161e+00
8.997952889425516787e+01
2.527114289425520610e+01
7.725975989425518264e+01
6.484434894255173276e+00
-6.238224910574479054e+01
1.199402889425516605e+01
4.556374889425518404e+01
5.666461989425522461e+01
1.017279178942551425e+02
-1.550516310574482759e+01
1.272933789425519535e+01
-2.463987910574479656e+01
6.738933789425516352e+01
-8.029408105744835211e+00
-3.396187810574480181e+01
-7.146684510574476690e+01
4.303523189425521878e+01
1.059551988942552043e+02
-3.441788310574480647e+01
-1.879740810574480747e+01
1.190274378942551721e+02
8.259550289425521896e+01
4.016325689425519840e+01
2.967191189425517450e+01
2.659880894255195471e+00
2.028170389425520170e+01
-8.005051710574480239e+01
-3.554751210574482911e+01
4.695224489425521597e+01
-1.963320110574477440e+01
-6.477511105744781617e+00
-4.629270710574479608e+01
-2.812503410574481677e+01
3.878614089425519751e+01
-2.836966610574484093e+01
3.856440289425523815e+01
1.106488738942551890e+02
2.037943889425520183e+01
6.040860289425518204e+01
-1.624311010574484726e+01
-5.131036610574483348e+01
6.094003689425517223e+01
-7.343086105744816905e+00
-3.156818010574477285e+01
2.242463189425518522e+01
2.352031689425518834e+01
8.134692789425520232e+01
-3.543661105744774886e+00
4.735845689425519822e+01
2.184582889425519170e+01
1.057893338942551509e+02
8.630053589425523342e+01
3.507622689425517137e+01
-5.566289105744829158e+00
3.929097389425521669e+01
2.198365789425520234e+01
7.796119989425517360e+01
1.442520178942551752e+02
-4.148303510574481834e+01
-6.583868110574479715e+01
7.647716289425517289e+01
1.106265608942551921e+02
-2.542021310574477866e+01
-3.766254110574482183e+01
-3.208220710574477152e+01
-8.439514105744819972e+00
5.511967789425523279e+01
-2.506899105744764711e+00
6.428279089425518578e+01
1.355227489425516296e+01
-2.167791410574483280e+01
-3.425108410574478057e+01
1.619972389425521442e+01
-3.580367510574484413e+01
-1.103178421057448020e+02
3.487464789425519029e+01
-3.318465210574481716e+01
-7.174440105744793073e+00
-6.764418410574478457e+01
1.508709658942552210e+02
-4.451927410574478472e+01
-1.033306105744827619e+00
5.876534889425522579e+01
1.344982289425519184e+01
5.320463189425521477e+01
-1.090082541057448111e+02
-4.930325610574482198e+01
8.292763989425515092e+01
-4.243881310574482768e+01
4.006274894255170693e+00
2.491039489425520514e+01
1.401590568942552295e+02
-1.646423810574481195e+01
-2.391621057448105603e-01
5.311823089425519129e+01
1.594612389425520860e+01
-1.667671105744830129e+00
3.479232189425522392e+01
1.053166468942551433e+02
-6.035778971057447961e+02
-1.011721510574483318e+01
8.835809189425515342e+01
-4.176177110574479912e+01
-6.301404121057448720e+02
7.710231894255230145e+00
4.544022189425521674e+01
-2.372948210574480754e+01
-7.830130710574479735e+01
-1.249005910574481959e+01
-2.879363610574478116e+01
4.404039889425519050e+01
-7.065888910574483361e+01
-4.807967410574480027e+01
-4.931852010574476708e+01
1.025227558942552264e+02
4.665270089425519018e+01
-1.992789810574481635e+01
4.250004389425515683e+01
5.769748894255201321e+00
-1.423549210574481094e+01
-3.389464110574482447e+01
3.960690289425519950e+01
1.209386578942551864e+02
1.604741889425520185e+01
-1.902793610574479999e+01
-1.050166410574485099e+01
-7.299910105744800148e+00
1.557137089425515342e+01
-1.735769310574477231e+01
3.492707489425515632e+01
4.370498689425517114e+01
6.830618389425518444e+01
5.298692689425519120e+01
1.031427248942551955e+02
1.142303889425517127e+01
-1.349349210574479230e+01
2.881980989425517237e+01
6.067547689425521185e+01
-7.977705410574480993e+01
9.890019894255203781e+00
1.004146678942551603e+02
2.275005589425518338e+01
-1.228210310574479536e+01
-1.681745710574477926e+01
-2.412055510574481332e+01
5.295927089425515533e+01
4.281948942552276094e-01
8.416200894255212006e+00
3.683084689425521674e+01
1.635784989425519598e+01
-1.627790210574482899e+01
-4.026394110574483420e+01
8.018471489425519394e+01
3.606812189425522774e+01
-4.111292105744780656e+00
2.777414989425517433e+01
3.423331289425516388e+01
1.708408289425517523e+01
-1.643653510574483789e+01
5.993217894255224110e+00
6.270703989425516056e+01
-1.100496105744809938e+00
-5.457618210574480599e+01
3.651375089425522447e+01
6.780724689425522911e+01
7.385503489425519774e+01
4.395841489425515647e+01
2.896036189425518614e+01
-1.383080310574479199e+01
3.108649989425521198e+01
-1.107741661057448255e+02
-1.712018510574483798e+01
-7.881310910574481454e+01
-2.966816410574483598e+01
9.363230689425523678e+01
5.358750089425518581e+01
-3.738753210574481045e+01
-7.635302110574480139e+01
-3.675112010574480337e+01
3.292774089425518014e+01
1.438176289425518917e+01
7.856628942551537875e-01
1.699805789425516878e+01
1.955861189425519342e+01
9.314887089425519662e+01
2.323545089425522292e+01
1.475679908942552174e+02
6.327489289425517427e+01
1.479305689425518722e+01
3.176836889425516119e+01
-4.544709310574478422e+01
6.234981489425518930e+01
4.978815989425521593e+01
-7.935325510574480745e+01
2.850295589425519438e+01
4.772612889425516869e+01
1.004648942551966684e-01
1.828468989425516611e+01
7.426739789425516847e+01
-2.051898310574483730e+01
6.039635289425518749e+01
5.758788589425518012e+01
-4.796837210574477695e+01
-7.911473110574482348e+01
-1.065262781057448080e+02
-4.732718410574477730e+01
6.851962889425516323e+01
2.649622789425518476e+01
-4.146861310574479376e+01
3.456958889425521875e+01
-3.082304810574481735e+01
-5.553395261057447669e+02
-1.193281810574478641e+01
3.915718289425518606e+01
-7.382832105744796536e+00
8.233095589425516891e+01
-1.849515210574480761e+01
-2.129091810574476540e+01
6.887920389425516987e+01
-6.701913105744779386e+00
1.078939894255199761e+00
4.835244789425519230e+01
3.963790189425520794e+01
-4.023591010574483562e+01
9.182491989425517431e+01
5.593747189425522492e+01
-4.266175610574481425e+01
1.682834894255165636e+00
1.666427389425518868e+01
2.719778189425522896e+01
-3.519004310574479177e+01
4.659300489425521619e+01
2.698869989425520544e+01
1.120573028942552014e+02
-1.006569491057447863e+02
-1.261527910574483258e+01
3.498034289425521592e+01
4.273569894255217605e+00
2.001009894255219024e+00
-1.044347105744805049e+00
-1.338362511057448216e+02
9.410523689425519933e+01
-7.736502510574479174e+01
3.682478189425523851e+01
3.618645989425516518e+01
8.217512089425520116e+01
1.436136889425517893e+01
-1.846573910574483079e+01
3.472523489425520893e+01
-7.401109310574480560e+01
6.822218894255172472e+00
-2.561327105744794608e+00
-3.931206910574479707e+01
-5.570796105744818760e+00
-4.723741105744807101e+00
3.217081289425516388e+01
1.301031989425518987e+01
-6.303354110574480273e+01
-4.175650105744807661e+00
5.959727089425518898e+01
2.745029894255196723e+00
8.728260689425519558e+01
-1.270650110574479186e+01
8.295685689425522469e+01
1.547211289425518999e+01
-2.189379210574480794e+01
-7.847999105744804638e+00
1.148524558942552289e+02
-3.036075710574482400e+01
-2.393086810574476431e+01
-7.644878105744794539e+00
-6.238450010574479165e+01
7.187575889425517062e+01
7.035515989425516636e+01
-7.620749310574478841e+01
4.475488189425522023e+01
6.790880989425517100e+01
-3.531084210574482540e+01
1.006470688942551988e+02
-4.221970510574482205e+01
-1.398474110574483120e+01
1.213172058942552098e+02
2.887172089425519061e+01
-4.843371105744836314e+00
-4.706427110574480821e+01
-5.725909210574479857e+01
-1.870924010574481144e+01
7.700187189425520273e+01
1.495562158942552173e+02
-5.666399810574483809e+01
6.555680189425515891e+01
-5.457406310574481267e+01
2.320997989425518426e+01
1.867883389425514906e+01
-3.573715510574481868e+01
-7.808755310574480291e+01
2.036058689425522061e+01
-5.621467110574479875e+01
7.996931489425514883e+01
2.869017389425522424e+01
6.462619489425520669e+01
-5.918757871057448483e+02
-2.672497910574480784e+01
-3.094580910574478594e+01
2.539589589425520444e+01
-8.112879410574481653e+01
4.162660789425518715e+01
1.483904489425520978e+01
1.522614358942552144e+02
3.311848589425517275e+01
9.476419889425523024e+01
3.153786389425522430e+01
3.577426389425517073e+01
-5.038816105744842844e+00
3.726954089425521488e+01
-5.674629161057448528e+02
7.071810489425519108e+01
4.557432089425515187e+01
-4.154060110574476994e+01
5.383615789425516596e+01
1.499357228942552069e+02
-2.702084310574480241e+01
-6.463662210574477740e+01
-2.711100810574481557e+01
3.745275889425516880e+01
1.510850058942552323e+02
-3.937655910574477502e+01
-1.459940310574478417e+01
-1.824662910574483021e+01
4.260785689425523515e+01
-4.916066210574484785e+01
4.766397989425519199e+01
-3.993292510574480048e+01
-4.680803105744814729e+00
-8.939997310574480593e+01
-7.158331810574480869e+01
1.709770989425521748e+01
-8.573227710574482785e+01
-7.795006105744846536e+00
2.297348894255208052e+00
1.399652289425517893e+01
7.847429689425518973e+01
3.180567989425520636e+01
1.280894289425521038e+01
7.616312894255145238e+00
-2.431236610574484303e+01
1.163140989425517091e+01
-5.488947210574480096e+01
-1.528342810574480382e+01
9.919448589425519458e+01
4.792792189425517790e+01
-3.212131057447891180e-01
2.472249189425519944e+01
-2.789692105744791206e+00
4.345109589425516106e+01
1.642286489425515583e+01
5.197511189425517841e+01
8.438729189425515642e+01
4.296279989425516987e+01
-3.381163105744803943e+00
2.091563989425515047e+01
-3.417061105744778615e+00
-3.238439810574482181e+01
1.539206689425515151e+01
-4.354841010574483562e+01
-1.565523010574480622e+01
-6.079196971057447172e+02
2.142812989425522119e+01
7.572317289425518538e+01
-3.220083105744834029e+00
1.457091489425516784e+01
1.209954489425518886e+01
-2.271622010574481010e+01
-2.775696610574482293e+01
-6.952941010574483016e+01
-1.002946105744797478e+00
-1.106399810574481535e+01
-2.009115410574480620e+01
4.829893489425518283e+01
-1.247962481057448088e+02
1.752203989425515829e+01
-4.993602110574482822e+01
-1.923522441057448020e+02
-5.050654710574480077e+01
2.250597894255179199e+00
1.558270889425517680e+01
-3.564583610574482009e+01
4.430186189425518251e+01
9.747042894255173451e+00
9.103908689425520606e+01
-5.767664010574480926e+01
3.431168389425516807e+01
-1.027005810574485167e+01
9.047102894255203864e+00
2.138116689425515915e+01
-5.934608105744814566e+00
1.790296589425520324e+01
2.712249289425517418e+01
3.071319089425520588e+01
9.168203289425520097e+01
-2.449837105744848031e+00
4.593627989425522173e+01
1.187388078942552170e+02
1.714821789425519682e+01
4.349528689425517314e+01
9.724392089425515451e+01
-3.175353110574479842e+01
-8.649154105744798926e+00
-4.134499910574481873e+01
-4.409278210574478862e+01
-5.927463510574483507e+01
1.009990958942551629e+02
2.586735789425517851e+01
1.603830808942552153e+02
-2.075303910574484689e+01
1.551613589425517148e+01
-2.581711610574484439e+01
-7.888022810574480559e+01
-2.024488105744808308e+00
-2.658744810574484063e+01
1.364671389425518555e+01
-2.182484310574477604e+01
-6.303447810574476762e+01
-3.075835510574478349e+01
8.763122089425519334e+01
2.616424289425521010e+01
4.951380389425520434e+01
2.222722689425518183e+01
-6.148457010574480819e+01
2.595377489425516160e+01
8.412581489425519976e+01
3.841514789425519893e+01
3.106796389425517191e+01
-3.244454105744807748e+00
1.283588189425523751e+01
8.082566489425516920e+01
-5.613347910574481148e+01
5.145901989425522061e+01
-3.776673010574478440e+01
3.633419789425516910e+01
-3.644392710574481953e+01
-1.379918610574480908e+01
9.947863894255192463e+00
-4.753284810574479025e+01
4.926241489425518694e+01
-1.103391010574483744e+01
-1.629068410574478776e+01
1.838522989425518972e+01
-1.577104671057448115e+02
8.711578189425523533e+01
3.112956989425521215e+01
-1.232607710574484372e+01
6.969814689425521692e+01
-3.080254510574479809e+01
8.311711589425522106e+01
1.020709008942551463e+02
5.471625589425519820e+01
-2.281921210574483894e+01
1.717542098942551547e+02
1.450365208942552044e+02
-3.222442910574483221e+01
3.515938989425518457e+01
2.052216089425519385e+01
3.084183589425515493e+01
7.806207989425519145e+01
-3.929147010574479282e+01
3.715387889425517187e+01
3.550098589425516593e+01
3.277993089425518747e+01
-5.738142210574477531e+01
4.032673489425519620e+01
1.058034518942552040e+02
5.417557089425520189e+01
-3.104081510574479807e+01
9.242443589425522532e+01
-5.227551410574483270e+01
-5.318345210574483417e+01
8.407046589425522143e+01
-5.750911410574485672e+01
-5.672058105744838485e+00
5.285731589425517996e+01
5.192310889425516507e+01
-6.384977105744837900e+00
-6.998193110574482034e+01
4.901811489425517721e+01
-3.116052105744813616e+00
-7.251535510574478849e+01
-1.009433491057448009e+02
-1.176280105744808679e+00
9.612867489425519807e+01
-5.454934110574481565e+01
-1.012772710574483881e+01
-5.575493310574483985e+01
3.876708289425516796e+01
1.611134089425519278e+01
4.599561689425519262e+01
2.080904989425516760e+01
8.539735189425516637e+01
8.329621589425522643e+01
-5.789389610574482958e+01
-3.664907210574477858e+01
-5.697195141057447927e+02
-6.051171105744799661e+00
3.712200889425514561e+01
-3.048947310574482117e+01
5.736066089425514747e+01
8.369953989425516738e+01
9.065974989425518515e+01
4.468548942552388326e-01
1.216196448942552024e+02
6.517610989425520529e+01
-5.620666831057448007e+02
6.142352989425523901e+01
-5.947222105744799592e+00
3.659163589425514829e+01
-3.740917610574479113e+01
-6.488814910574478745e+01
-1.321123910574482352e+01
2.211690489425518535e+01
5.580483289425518478e+01
4.267162894255193351e+00
-1.435866710574481431e+01
8.054315689425521896e+01
-1.677961410574482670e+01
1.251333789425518717e+01
-4.409098110574484508e+01
6.639494689425521301e+01
3.234641789425518255e+01
-9.921165105744819357e+00
3.910224089425520333e+01
-1.448968711057448218e+02
-3.972019710574477358e+01
5.842302189425521419e+01
7.871389189425519817e+01
-7.460581105744836350e+00
-2.718605105744813955e+00
-2.300749610574479220e+01
-3.467113105744829227e+00
6.508994389425515692e+01
-1.811522410574480091e+01
2.283931689425514833e+01
-1.207298010574481850e+01
-8.800379010574479821e+01
1.148245468942551497e+02
2.459220589425518710e+01
-1.043728451057448012e+02
1.887144689425520028e+01
1.402159389425520430e+01
-1.430778210574482046e+01
2.539201789425521838e+01
3.576045589425518756e+01
-2.460837210574476330e+01
4.989541889425515819e+01
1.422181798942551723e+02
-5.174681810574480778e+01
5.695539389425516674e+01
8.453226894255180923e+00
-2.598766410574484098e+01
1.381516058942552263e+02
9.190928289425517050e+01
7.609644189425517879e+01
8.411363894255202922e+00
5.760589989425517388e+01
-8.016173610574480790e+01
2.732302189425519146e+01
-4.995124810574480989e+01
-6.559929510574477263e+01
-2.358712610574480095e+01
-9.871045510574478499e+01
-6.400075910574480531e+01
2.111226789425518291e+01
5.265770389425517806e+01
1.038031778942552137e+02
-1.383929310574478677e+01
4.971807989425519736e+01
-5.369992710574479133e+01
-5.833881610574485421e+01
-1.907504510574477763e+01
